2022-07-21 14:39:05.721,9.920172,2.0357666,2.1555176
2022-07-21 14:39:05.739,9.8866415,2.059717,2.0932472
2022-07-21 14:39:05.762,9.896221,2.083667,2.088457
2022-07-21 14:39:05.780,9.944121,2.1076174,2.064507
2022-07-21 14:39:05.799,9.944121,2.1507277,2.074087
2022-07-21 14:39:05.818,9.901011,2.193838,2.0261867
2022-07-21 14:39:05.838,9.8866415,2.1555176,2.0453467
2022-07-21 14:39:05.858,9.963282,2.1028273,2.0357666
2022-07-21 14:39:05.880,9.953702,2.1076174,2.0980372
2022-07-21 14:39:05.902,9.905801,2.1267774,2.1076174
2022-07-21 14:39:05.920,9.915381,2.1555176,1.9974464
2022-07-21 14:39:05.936,9.948912,2.1650977,1.954336
2022-07-21 14:39:05.958,9.843531,2.1028273,2.1411476
2022-07-21 14:39:05.981,9.8866415,2.064507,2.208208
2022-07-21 14:39:05.997,9.958491,2.0453467,2.1459377
2022-07-21 14:39:06.020,9.929751,2.0166066,2.088457
2022-07-21 14:39:06.036,9.862691,2.0070264,2.1267774
2022-07-21 14:39:06.058,9.8866415,2.0070264,2.193838
2022-07-21 14:39:06.076,9.958491,2.0166066,2.2177882
2022-07-21 14:39:06.098,9.924961,2.064507,2.1363575
2022-07-21 14:39:06.115,9.83874,2.0932472,2.069297
2022-07-21 14:39:06.137,9.901011,2.0932472,1.9639161
2022-07-21 14:39:06.159,9.948912,2.0357666,2.074087
2022-07-21 14:39:06.177,9.948912,2.0357666,2.2848487
2022-07-21 14:39:06.198,9.920172,2.0309765,2.2417383
2022-07-21 14:39:06.216,9.901011,2.064507,1.9878663
2022-07-21 14:39:06.236,9.929751,2.074087,1.9255958
2022-07-21 14:39:06.258,9.901011,2.0118165,2.1746778
2022-07-21 14:39:06.276,9.901011,1.9782863,2.3327491
2022-07-21 14:39:06.297,9.905801,2.0213966,2.1746778
2022-07-21 14:39:06.317,9.891431,2.0405567,2.0261867
2022-07-21 14:39:06.333,9.920172,2.0118165,2.059717
2022-07-21 14:39:06.355,9.929751,1.9303858,2.2896388
2022-07-21 14:39:06.372,9.867481,1.954336,2.3614893
2022-07-21 14:39:06.391,9.881851,2.0309765,2.184258
2022-07-21 14:39:06.411,9.924961,2.0549269,2.0118165
2022-07-21 14:39:06.439,9.901011,2.0549269,2.069297
2022-07-21 14:39:06.452,9.857901,2.0501368,2.1459377
2022-07-21 14:39:06.474,9.862691,2.0405567,2.1459377
2022-07-21 14:39:06.489,9.8866415,2.064507,2.1076174
2022-07-21 14:39:06.513,10.001602,2.1171973,2.074087
2022-07-21 14:39:06.532,9.953702,2.1219873,2.0549269
2022-07-21 14:39:06.555,9.944121,2.059717,2.0501368
2022-07-21 14:39:06.572,9.982442,2.0453467,2.069297
2022-07-21 14:39:06.589,9.987232,2.0261867,2.0549269
2022-07-21 14:39:06.612,9.915381,2.0405567,2.0980372
2022-07-21 14:39:06.635,9.963282,2.1076174,2.1555176
2022-07-21 14:39:06.648,10.054293,2.318379,1.949546
2022-07-21 14:39:06.673,10.126143,2.5530908,1.5711329
2022-07-21 14:39:06.691,10.078242,2.7015822,1.341211
2022-07-21 14:39:06.712,9.982442,2.6584718,1.5376027
2022-07-21 14:39:06.728,10.073453,2.5914114,1.8824854
2022-07-21 14:39:06.748,10.102193,2.4956105,1.8776954
2022-07-21 14:39:06.770,9.948912,2.3423293,1.719624
2022-07-21 14:39:06.786,9.848321,2.0357666,1.954336
2022-07-21 14:39:06.809,9.915381,1.6429834,2.572251
2022-07-21 14:39:06.826,9.920172,1.4418018,3.046465
2022-07-21 14:39:06.848,9.699829,1.465752,3.166216
2022-07-21 14:39:06.868,9.575289,1.5184424,2.806963
2022-07-21 14:39:06.888,9.637559,1.5136524,2.5339308
2022-07-21 14:39:06.907,9.77647,1.3076807,2.548301
2022-07-21 14:39:06.928,9.915381,1.0873389,2.7734327
2022-07-21 14:39:06.946,9.915381,0.92926764,3.0656252
2022-07-21 14:39:06.968,9.75252,0.8909473,3.0799952
2022-07-21 14:39:06.986,9.6758795,1.0011182,2.802173
2022-07-21 14:39:07.006,9.843531,1.331631,2.7255323
2022-07-21 14:39:07.026,10.063872,1.9639161,2.6488917
2022-07-21 14:39:07.047,10.020762,2.8404932,2.088457
2022-07-21 14:39:07.062,9.685459,3.5781593,1.1975098
2022-07-21 14:39:07.084,9.393267,3.535049,0.39278322
2022-07-21 14:39:07.103,9.75252,2.5914114,0.79035646
2022-07-21 14:39:07.121,10.241104,1.6381935,2.912344
2022-07-21 14:39:07.144,10.346485,1.3076807,4.2439747
2022-07-21 14:39:07.161,9.963282,1.5567628,3.2045362
2022-07-21 14:39:07.186,9.685459,1.9208057,1.3795313
2022-07-21 14:39:07.205,9.412427,1.8729054,1.4609619
2022-07-21 14:39:07.223,9.158555,1.6381935,3.0608351
2022-07-21 14:39:07.239,9.541759,1.6334034,3.391348
2022-07-21 14:39:07.266,10.145303,1.8681153,2.323169
2022-07-21 14:39:07.283,10.279425,2.2321582,1.6573536
2022-07-21 14:39:07.302,10.030342,2.7303224,1.9447559
2022-07-21 14:39:07.319,9.972861,2.955454,2.308799
2022-07-21 14:39:07.342,9.85311,2.7255323,1.9926564
2022-07-21 14:39:07.365,9.651929,2.3998096,1.4082716
2022-07-21 14:39:07.383,10.178833,2.2944288,1.1975098
2022-07-21 14:39:07.401,10.480606,1.8058448,2.1603076
2022-07-21 14:39:07.422,9.656719,1.2022998,3.8128712
2022-07-21 14:39:07.441,9.2256155,1.4944923,4.148174
2022-07-21 14:39:07.459,9.536968,2.2369483,2.2752686
2022-07-21 14:39:07.479,9.901011,2.5195606,0.71371585
