2022-07-30 12:24:16.414,10.145303,0.977168,-0.8813672
2022-07-30 12:24:16.434,10.427916,0.9867481,-1.0059083
2022-07-30 12:24:16.456,10.413546,0.8669971,-1.0059083
2022-07-30 12:24:16.471,10.289004,0.7376661,-0.7232959
2022-07-30 12:24:16.494,10.303374,0.85741705,-0.5891748
2022-07-30 12:24:16.509,10.380015,1.0585986,-0.7424561
2022-07-30 12:24:16.529,10.427916,1.0394385,-0.91010743
2022-07-30 12:24:16.553,10.375225,0.97237796,-1.1064991
2022-07-30 12:24:16.569,10.380015,0.8909473,-1.4130616
2022-07-30 12:24:16.592,10.245894,0.7711963,-1.2933106
2022-07-30 12:24:16.608,10.188414,0.6514453,-0.8143067
2022-07-30 12:24:16.631,10.447076,0.48379397,-0.7424561
2022-07-30 12:24:16.647,10.466236,0.36883304,-0.82388675
2022-07-30 12:24:16.671,10.312955,0.23471193,-0.8334668
2022-07-30 12:24:16.686,10.221944,0.1820215,-0.728086
2022-07-30 12:24:16.709,10.255474,0.1341211,-0.82388675
2022-07-30 12:24:16.729,10.193204,0.4167334,-0.5364844
2022-07-30 12:24:16.748,10.183623,0.5891748,-0.31135255
2022-07-30 12:24:16.766,10.073453,0.9148975,-0.19639161
2022-07-30 12:24:16.791,10.183623,1.101709,-0.37362307
2022-07-30 12:24:16.809,10.4566555,1.2549903,-0.9196875
2022-07-30 12:24:16.829,10.662627,1.4130616,-1.3076807
2022-07-30 12:24:16.848,10.499766,1.5519727,-1.22146
2022-07-30 12:24:16.870,10.174044,1.4992822,-0.98195803
2022-07-30 12:24:16.889,10.001602,1.1783496,-1.1687696
2022-07-30 12:24:16.905,10.154883,0.9053174,-0.7185059
2022-07-30 12:24:16.928,10.394385,0.732876,-0.12933107
2022-07-30 12:24:16.948,10.437495,0.63707525,0.043110352
2022-07-30 12:24:16.967,10.418335,0.6227051,-0.081430666
2022-07-30 12:24:16.983,10.269844,0.7185059,-0.32572266
2022-07-30 12:24:17.006,10.092612,0.7568262,-0.41194338
2022-07-30 12:24:17.023,10.078242,0.82388675,-0.2203418
