2022-07-20 12:46:01.088,9.944121,1.8633252,1.9160157
2022-07-20 12:46:01.107,9.963282,1.8729054,1.8489552
2022-07-20 12:46:01.125,9.972861,1.8585353,1.8872755
2022-07-20 12:46:01.151,9.953702,1.8633252,1.9399658
2022-07-20 12:46:01.166,9.953702,1.8729054,1.8681153
2022-07-20 12:46:01.182,9.982442,1.8633252,1.8010547
2022-07-20 12:46:01.201,9.953702,1.839375,1.8345851
2022-07-20 12:46:01.221,9.977652,1.8058448,1.949546
2022-07-20 12:46:01.243,9.977652,1.8010547,1.9687061
2022-07-20 12:46:01.260,9.953702,1.8154249,1.9208057
2022-07-20 12:46:01.282,9.958491,1.8202149,1.8824854
2022-07-20 12:46:01.299,9.958491,1.839375,1.8729054
2022-07-20 12:46:01.324,9.963282,1.8250049,1.9303858
2022-07-20 12:46:01.339,9.982442,1.8058448,1.9878663
2022-07-20 12:46:01.363,9.963282,1.8106349,1.9351759
2022-07-20 12:46:01.379,9.953702,1.839375,1.9303858
2022-07-20 12:46:01.402,9.963282,1.829795,1.9255958
2022-07-20 12:46:01.427,9.929751,1.8010547,1.954336
2022-07-20 12:46:01.438,9.934542,1.8489552,1.9926564
2022-07-20 12:46:01.460,9.953702,1.8537452,1.9447559
2022-07-20 12:46:01.476,9.944121,1.8250049,1.9160157
2022-07-20 12:46:01.495,9.901011,1.8058448,1.9351759
2022-07-20 12:46:01.513,9.915381,1.8010547,1.9639161
2022-07-20 12:46:01.536,9.963282,1.8106349,1.9734962
2022-07-20 12:46:01.557,9.992022,1.8202149,1.9351759
2022-07-20 12:46:01.577,9.987232,1.8489552,1.8776954
2022-07-20 12:46:01.596,9.996812,1.8345851,1.8202149
2022-07-20 12:46:01.616,10.0063925,1.8202149,1.8250049
2022-07-20 12:46:01.636,9.996812,1.8010547,1.9016455
2022-07-20 12:46:01.657,9.977652,1.7866846,1.9447559
2022-07-20 12:46:01.676,9.944121,1.7914747,1.9303858
2022-07-20 12:46:01.698,9.924961,1.7962648,1.8920655
2022-07-20 12:46:01.719,9.939331,1.8106349,1.8441651
2022-07-20 12:46:01.738,9.982442,1.7866846,1.8106349
2022-07-20 12:46:01.754,10.015972,1.7866846,1.7818946
2022-07-20 12:46:01.778,10.054293,1.8441651,1.7962648
2022-07-20 12:46:01.796,10.015972,1.9208057,1.7818946
2022-07-20 12:46:01.814,9.910591,1.9255958,1.7627344
2022-07-20 12:46:01.835,9.910591,1.8968556,1.7579445
2022-07-20 12:46:01.857,10.0063925,1.8824854,1.7339942
2022-07-20 12:46:01.877,10.049502,1.8633252,1.7148341
2022-07-20 12:46:01.896,10.025552,1.8776954,1.710044
2022-07-20 12:46:01.916,10.015972,1.8585353,1.7435743
2022-07-20 12:46:01.934,9.977652,1.8106349,1.7531544
2022-07-20 12:46:01.955,9.948912,1.8058448,1.7483643
2022-07-20 12:46:01.976,9.968072,1.8154249,1.710044
2022-07-20 12:46:01.995,9.996812,1.7866846,1.6860938
2022-07-20 12:46:02.015,10.102193,1.7483643,1.7292042
2022-07-20 12:46:02.034,10.092612,1.7914747,1.7531544
2022-07-20 12:46:02.050,10.044712,1.8537452,1.705254
2022-07-20 12:46:02.071,10.011182,1.8776954,1.6477735
2022-07-20 12:46:02.089,10.011182,1.8968556,1.6813037
2022-07-20 12:46:02.113,10.097403,1.8872755,1.705254
2022-07-20 12:46:02.129,10.121353,1.9160157,1.7435743
2022-07-20 12:46:02.152,10.049502,1.9639161,1.6813037
2022-07-20 12:46:02.171,9.958491,1.9926564,1.5615528
2022-07-20 12:46:02.195,9.924961,1.954336,1.5663428
2022-07-20 12:46:02.212,9.992022,1.8824854,1.6477735
2022-07-20 12:46:02.231,10.039923,1.8250049,1.7004639
2022-07-20 12:46:02.251,10.035132,1.8106349,1.6190332
2022-07-20 12:46:02.277,10.030342,1.7771046,1.4944923
2022-07-20 12:46:02.291,10.011182,1.7292042,1.5423926
2022-07-20 12:46:02.312,10.015972,1.7723145,1.6286134
2022-07-20 12:46:02.332,9.996812,1.7771046,1.6381935
2022-07-20 12:46:02.351,10.0063925,1.7483643,1.6286134
2022-07-20 12:46:02.370,10.035132,1.719624,1.6334034
2022-07-20 12:46:02.385,10.049502,1.695674,1.6669337
2022-07-20 12:46:02.408,10.063872,1.6860938,1.7292042
2022-07-20 12:46:02.424,10.025552,1.7148341,1.7818946
2022-07-20 12:46:02.449,9.996812,1.7627344,1.7771046
2022-07-20 12:46:02.464,9.972861,1.7579445,1.7531544
2022-07-20 12:46:02.487,9.977652,1.7579445,1.7339942
2022-07-20 12:46:02.504,10.025552,1.7627344,1.7435743
2022-07-20 12:46:02.528,10.106983,1.7675245,1.7339942
2022-07-20 12:46:02.547,10.054293,1.7675245,1.7387843
2022-07-20 12:46:02.571,9.982442,1.7962648,1.7483643
2022-07-20 12:46:02.587,9.968072,1.839375,1.6860938
2022-07-20 12:46:02.611,9.982442,1.8489552,1.6094532
2022-07-20 12:46:02.627,10.011182,1.8250049,1.585503
2022-07-20 12:46:02.647,10.011182,1.839375,1.590293
2022-07-20 12:46:02.667,9.963282,1.8537452,1.5615528
2022-07-20 12:46:02.683,9.987232,1.829795,1.5423926
2022-07-20 12:46:02.708,10.020762,1.7579445,1.5471827
2022-07-20 12:46:02.725,10.039923,1.7435743,1.575923
2022-07-20 12:46:02.745,10.054293,1.7531544,1.6094532
2022-07-20 12:46:02.767,10.078242,1.7531544,1.6094532
2022-07-20 12:46:02.784,10.039923,1.8010547,1.6190332
2022-07-20 12:46:02.798,10.025552,1.839375,1.6142433
2022-07-20 12:46:02.823,9.982442,1.8489552,1.5663428
2022-07-20 12:46:02.840,9.968072,1.8729054,1.590293
2022-07-20 12:46:02.863,10.025552,1.8681153,1.6190332
2022-07-20 12:46:02.878,10.078242,1.8585353,1.5807129
2022-07-20 12:46:02.900,10.087823,1.8681153,1.5711329
2022-07-20 12:46:02.920,10.068663,1.8681153,1.6190332
2022-07-20 12:46:02.947,10.039923,1.8824854,1.6094532
2022-07-20 12:46:02.962,10.049502,1.9160157,1.6094532
2022-07-20 12:46:02.981,10.011182,1.9160157,1.5950831
2022-07-20 12:46:03.001,10.0063925,1.9351759,1.5615528
2022-07-20 12:46:03.021,10.054293,1.9303858,1.5328126
2022-07-20 12:46:03.041,10.078242,1.9399658,1.590293
2022-07-20 12:46:03.061,10.049502,1.949546,1.5663428
2022-07-20 12:46:03.078,10.025552,1.9303858,1.5040723
2022-07-20 12:46:03.097,10.020762,1.9016455,1.4897022
2022-07-20 12:46:03.120,10.020762,1.8968556,1.4801221
2022-07-20 12:46:03.140,10.025552,1.8824854,1.465752
2022-07-20 12:46:03.158,10.011182,1.8968556,1.4897022
2022-07-20 12:46:03.175,10.073453,1.8824854,1.4609619
2022-07-20 12:46:03.198,10.063872,1.8681153,1.4849122
2022-07-20 12:46:03.213,9.996812,1.8633252,1.5232325
2022-07-20 12:46:03.238,9.982442,1.8489552,1.4992822
2022-07-20 12:46:03.253,9.972861,1.8537452,1.4992822
2022-07-20 12:46:03.278,10.015972,1.839375,1.4944923
2022-07-20 12:46:03.298,10.049502,1.7914747,1.5232325
2022-07-20 12:46:03.323,10.054293,1.7483643,1.5376027
2022-07-20 12:46:03.337,10.059082,1.7292042,1.5136524
2022-07-20 12:46:03.361,10.087823,1.7339942,1.5136524
2022-07-20 12:46:03.377,10.073453,1.7244141,1.5232325
2022-07-20 12:46:03.400,10.044712,1.705254,1.5088624
2022-07-20 12:46:03.414,10.059082,1.705254,1.5519727
2022-07-20 12:46:03.434,10.116563,1.705254,1.6094532
2022-07-20 12:46:03.455,10.111773,1.7004639,1.575923
2022-07-20 12:46:03.475,10.054293,1.7244141,1.5663428
2022-07-20 12:46:03.494,10.035132,1.7531544,1.5376027
2022-07-20 12:46:03.511,10.063872,1.7387843,1.5040723
2022-07-20 12:46:03.534,10.068663,1.7435743,1.4992822
2022-07-20 12:46:03.550,10.083033,1.7531544,1.4753321
2022-07-20 12:46:03.574,10.078242,1.7435743,1.4370118
2022-07-20 12:46:03.590,10.083033,1.7483643,1.4322218
2022-07-20 12:46:03.613,10.073453,1.7531544,1.4513819
2022-07-20 12:46:03.634,10.020762,1.7387843,1.4322218
2022-07-20 12:46:03.652,9.996812,1.7387843,1.4274317
2022-07-20 12:46:03.672,10.035132,1.7339942,1.4322218
2022-07-20 12:46:03.692,10.078242,1.719624,1.4130616
2022-07-20 12:46:03.712,10.097403,1.719624,1.4178516
2022-07-20 12:46:03.735,10.078242,1.7292042,1.4418018
2022-07-20 12:46:03.751,10.083033,1.719624,1.4130616
2022-07-20 12:46:03.772,10.044712,1.7292042,1.3986914
2022-07-20 12:46:03.791,10.063872,1.7339942,1.3891114
2022-07-20 12:46:03.812,10.135723,1.695674,1.4034815
2022-07-20 12:46:03.830,10.140513,1.6813037,1.456172
2022-07-20 12:46:03.850,10.097403,1.7148341,1.4609619
2022-07-20 12:46:03.869,10.049502,1.7339942,1.4418018
2022-07-20 12:46:03.885,10.015972,1.7244141,1.3939015
2022-07-20 12:46:03.908,10.059082,1.7004639,1.3843213
2022-07-20 12:46:03.927,10.068663,1.6717237,1.4178516
2022-07-20 12:46:03.949,10.068663,1.6525636,1.4897022
2022-07-20 12:46:03.964,10.121353,1.6717237,1.4992822
2022-07-20 12:46:03.988,10.130933,1.705254,1.4130616
2022-07-20 12:46:04.002,10.097403,1.7339942,1.3795313
2022-07-20 12:46:04.027,10.097403,1.7387843,1.4370118
2022-07-20 12:46:04.043,10.063872,1.7004639,1.5136524
2022-07-20 12:46:04.066,10.044712,1.710044,1.5663428
2022-07-20 12:46:04.085,10.073453,1.7244141,1.4992822
2022-07-20 12:46:04.105,10.083033,1.7435743,1.4034815
2022-07-20 12:46:04.126,10.059082,1.7675245,1.3891114
2022-07-20 12:46:04.147,10.059082,1.7818946,1.4322218
2022-07-20 12:46:04.165,10.068663,1.7387843,1.4465919
2022-07-20 12:46:04.183,10.068663,1.695674,1.4370118
2022-07-20 12:46:04.204,10.073453,1.7148341,1.4370118
2022-07-20 12:46:04.225,10.044712,1.7292042,1.4034815
2022-07-20 12:46:04.245,10.044712,1.7244141,1.4082716
2022-07-20 12:46:04.260,10.035132,1.7292042,1.4465919
2022-07-20 12:46:04.284,10.063872,1.7244141,1.456172
2022-07-20 12:46:04.304,10.035132,1.710044,1.4705421
2022-07-20 12:46:04.324,10.087823,1.7004639,1.4705421
2022-07-20 12:46:04.342,10.097403,1.7292042,1.4705421
2022-07-20 12:46:04.362,10.068663,1.7579445,1.4705421
2022-07-20 12:46:04.379,10.035132,1.7627344,1.4705421
2022-07-20 12:46:04.402,10.049502,1.7579445,1.4753321
2022-07-20 12:46:04.422,10.078242,1.7579445,1.4322218
