1166.68103027343,-262.219604492187,3116.44482421875,1168.46105957031,-444.145477294921,3093.55419921875,1178.21765136718,-590.20654296875,3085.74658203125,1207.88366699218,-811.082336425781,3097.041015625,1228.39782714843,-772.683898925781,3071.68920898437,1322.74328613281,-732.704406738281,2966.38549804687,1383.68078613281,-466.487091064453,2888.35888671875,1165.99768066406,-382.633636474609,2937.47094726562,1094.84582519531,-451.423034667968,2936.56079101562,1048.51940917968,-369.827026367187,2995.97778320312,1052.17126464843,-455.71484375,3003.80541992187,1179.13659667968,-776.204162597656,3120.11694335937,1069.36486816406,-751.917297363281,3195.15698242187,1040.34826660156,-507.521240234375,3347.41723632812,959.571411132812,-282.526214599609,3313.80908203125,987.766723632812,-180.945480346679,3329.38037109375,1025.61096191406,-89.1418304443359,3284.02709960937,1007.41223144531,-168.45376586914,3270.69018554687,1240.03112792968,-254.23110961914,3058.65991210937,1286.04699707031,153.8984375,3083.60913085937,1335.24353027343,542.65380859375,3116.5830078125,1234.60949707031,633.537353515625,2979.87548828125,1100.53796386718,-269.423187255859,3168.55224609375,1109.67053222656,137.062316894531,3228.814453125,1143.97302246093,525.2529296875,3306.53369140625,1010.72473144531,607.865844726562,3224.04467773437,1209.37854003906,-894.840454101562,3091.42358398437,1098.06945800781,-843.385620117187,2980.78759765625,1130.70007324218,-888.4482421875,2966.15161132812,1249.61877441406,-930.928833007812,2998.2685546875,1089.79577636718,-891.942077636718,3000.82763671875,1125.26501464843,-960.561401367187,3111.13745117187
1193.59387207031,-261.844940185546,3132.91333007812,1178.47424316406,-440.609069824218,3089.89282226562,1178.94079589843,-586.473205566406,3068.06176757812,1190.20324707031,-810.039001464843,3050.88427734375,1212.50891113281,-770.272277832031,3028.74536132812,1313.67370605468,-722.404113769531,2932.1689453125,1443.94885253906,-469.745697021484,2902.95751953125,1280.11071777343,-305.97622680664,2840.8125,1262.85974121093,-230.294708251953,2903.18310546875,1216.37194824218,-145.477066040039,2959.13256835937,1230.75915527343,-238.233795166015,2954.14306640625,1165.86022949218,-775.946166992187,3080.07397460937,1079.97668457031,-762.150573730468,3184.61181640625,1094.60607910156,-532.416870117187,3362.90551757812,1000.86950683593,-309.251892089843,3342.86254882812,994.241333007812,-244.988220214843,3257.296875,1028.79431152343,-140.892379760742,3263.04931640625,1011.67492675781,-231.316162109375,3241.78784179687,1261.07531738281,-251.886077880859,3067.81494140625,1288.90197753906,160.834091186523,3084.27075195312,1324.84338378906,553.663513183593,3114.6884765625,1221.70495605468,644.698425292968,2978.2880859375,1132.74279785156,-270.825286865234,3191.61547851562,1130.88879394531,138.992584228515,3246.935546875,1143.10681152343,533.24365234375,3312.20043945312,1013.61462402343,610.248718261718,3216.95922851562,1184.11242675781,-892.817626953125,3035.19604492187,1046.38757324218,-852.772766113281,2951.29125976562,1079.58996582031,-894.648986816406,2929.06201171875,1206.97595214843,-925.156311035156,2934.33447265625,1047.39636230468,-902.158447265625,2971.8447265625,1112.58215332031,-966.997863769531,3071.36206054687
1192.62243652343,-265.91552734375,3131.86962890625,1176.80383300781,-444.673065185546,3090.462890625,1175.44982910156,-590.3662109375,3069.24780273437,1189.93444824218,-813.16650390625,3049.73950195312,1211.50598144531,-772.914794921875,3027.95141601562,1309.93054199218,-720.9150390625,2931.06909179687,1447.76696777343,-473.018951416015,2900.58715820312,1283.29895019531,-313.828308105468,2830.3291015625,1244.46423339843,-241.2294921875,2886.03002929687,1228.07702636718,-167.070022583007,2967.72729492187,1237.54992675781,-255.269775390625,2961.8798828125,1165.26428222656,-779.800598144531,3079.337890625,1079.07629394531,-762.159301757812,3182.73657226562,1093.09533691406,-530.582702636718,3357.849609375,1013.28308105468,-301.651580810546,3360.79760742187,996.273559570312,-239.516448974609,3275.3251953125,1019.96350097656,-136.012237548828,3247.9912109375,1015.26696777343,-231.97378540039,3252.63818359375,1261.58044433593,-257.311218261718,3068.37963867187,1289.96643066406,154.641357421875,3085.2177734375,1325.33386230468,546.899291992187,3114.83276367187,1223.60900878906,641.271057128906,2980.12182617187,1130.44030761718,-273.674407958984,3189.12133789062,1133.08825683593,134.639358520507,3249.94580078125,1151.86755371093,526.634887695312,3322.611328125,1022.73352050781,605.512390136718,3229.00366210937,1185.01232910156,-895.718872070312,3033.25024414062,1049.24743652343,-852.258605957031,2948.42163085937,1080.94152832031,-895.570495605468,2927.01635742187,1206.93103027343,-930.432800292968,2933.171875,1048.44812011718,-901.22216796875,2969.74047851562,1110.92468261718,-966.5888671875,3070.328125
1192.97448730468,-266.175811767578,3131.53515625,1175.32287597656,-445.308624267578,3088.28857421875,1173.16418457031,-591.63720703125,3066.2373046875,1186.44738769531,-815.943786621093,3050.08740234375,1208.74060058593,-775.955078125,3027.93579101562,1314.62609863281,-726.622741699218,2936.51538085937,1438.83703613281,-471.487060546875,2895.27197265625,1269.86120605468,-318.233123779296,2818.5791015625,1232.16906738281,-241.193450927734,2869.84155273437,1231.13146972656,-187.302551269531,2968.158203125,1238.22375488281,-264.584106445312,2956.35986328125,1161.44030761718,-781.808715820312,3078.97192382812,1076.66076660156,-763.584594726562,3184.33862304687,1095.86413574218,-527.896789550781,3355.93896484375,1027.66125488281,-294.564483642578,3373.30493164062,988.793090820312,-240.44497680664,3288.837890625,1023.80505371093,-137.471923828125,3271.04052734375,1007.39880371093,-226.588500976562,3261.64599609375,1262.19372558593,-257.563568115234,3067.60913085937,1291.03259277343,156.424652099609,3086.197265625,1327.93518066406,550.4091796875,3118.20556640625,1224.92370605468,642.733337402343,2981.62841796875,1130.55651855468,-273.941833496093,3189.1796875,1129.90954589843,137.152206420898,3245.69067382812,1147.10778808593,531.850952148437,3315.4091796875,1015.70324707031,608.33642578125,3221.22583007812,1181.16882324218,-899.119384765625,3034.64013671875,1049.61364746093,-851.202453613281,2944.09106445312,1081.38366699218,-895.202697753906,2923.40551757812,1206.79650878906,-933.273071289062,2934.64453125,1046.74597167968,-900.647888183593,2964.8046875,1103.52526855468,-969.04833984375,3067.66845703125
1193.54113769531,-259.369018554687,3133.75317382812,1175.32116699218,-438.728424072265,3091.78198242187,1172.00183105468,-584.966003417968,3069.37573242187,1189.97644042968,-809.039794921875,3054.94702148437,1211.29040527343,-768.770629882812,3032.35571289062,1314.34875488281,-717.160461425781,2939.0068359375,1437.18273925781,-462.542449951171,2891.17211914062,1262.91003417968,-318.108123779296,2809.45654296875,1217.15856933593,-248.098114013671,2864.1103515625,1248.65539550781,-228.525512695312,2969.91088867187,1249.70593261718,-288.562255859375,2956.419921875,1164.40539550781,-775.214965820312,3083.69311523437,1075.96008300781,-758.502014160156,3186.2412109375,1088.61364746093,-519.704284667968,3354.05712890625,1024.08142089843,-287.297546386718,3388.80908203125,997.191040039062,-231.746673583984,3300.70166015625,982.499389648437,-150.35871887207,3227.875,1020.57189941406,-229.208221435546,3271.20166015625,1260.95275878906,-250.813995361328,3067.9306640625,1292.84143066406,162.800262451171,3088.77465820312,1330.73352050781,556.759216308593,3119.4072265625,1224.07482910156,641.865539550781,2980.98217773437,1132.75305175781,-267.083435058593,3193.10815429687,1132.67272949218,143.906600952148,3250.06518554687,1153.04992675781,538.155151367187,3321.22290039062,1018.47937011718,608.356689453125,3226.65185546875,1186.39025878906,-892.4228515625,3040.19580078125,1056.59753417968,-860.343383789062,2940.591796875,1092.08947753906,-903.496520996093,2924.75903320312,1218.97985839843,-932.055358886718,2944.34619140625,1055.90661621093,-908.198547363281,2964.90112304687,1111.89001464843,-964.805725097656,3075.08764648437
1194.39953613281,-260.507751464843,3133.72045898437,1176.70788574218,-440.235046386718,3092.06225585937,1172.11462402343,-586.467834472656,3068.63354492187,1189.55041503906,-811.007934570312,3056.51831054687,1210.98010253906,-770.978820800781,3033.4697265625,1310.09802246093,-718.952087402343,2935.88232421875,1441.08557128906,-467.929443359375,2888.4990234375,1267.13488769531,-326.979461669921,2799.44409179687,1212.42541503906,-265.848693847656,2856.68798828125,1274.64074707031,-259.588470458984,2949.91259765625,1263.82800292968,-312.078430175781,2949.54272460937,1164.04455566406,-776.778747558593,3084.95825195312,1074.32604980468,-757.701232910156,3186.20971679687,1083.32287597656,-517.739440917968,3353.24438476562,1021.42321777343,-285.151214599609,3393.32983398437,985.913940429687,-223.778106689453,3312.25170898437,963.898315429687,-136.737823486328,3248.11376953125,1008.04309082031,-195.071212768554,3294.88159179687,1263.28112792968,-252.336029052734,3069.21166992187,1292.30627441406,162.131591796875,3087.65063476562,1326.28576660156,557.208190917968,3114.80786132812,1219.47155761718,640.748840332031,2975.2080078125,1132.28601074218,-267.876525878906,3191.89086914062,1130.47009277343,143.903228759765,3246.91674804687,1144.87976074218,539.736877441406,3313.45190429687,1012.44812011718,610.048278808593,3215.572265625,1185.74621582031,-894.637023925781,3042.62158203125,1056.15783691406,-868.643676757812,2940.6513671875,1092.08923339843,-912.349914550781,2927.24267578125,1219.21984863281,-938.969482421875,2949.0048828125,1055.65783691406,-915.246398925781,2967.42407226562,1111.45642089843,-965.75927734375,3080.83276367187
1192.95568847656,-259.852783203125,3133.2919921875,1174.68151855468,-439.51626586914,3091.91333007812,1170.48034667968,-585.829467773437,3069.26904296875,1190.10095214843,-809.890380859375,3053.66479492187,1210.39538574218,-769.330444335937,3030.55810546875,1306.53332519531,-716.885620117187,2930.33154296875,1462.06970214843,-476.982543945312,2905.63598632812,1299.19665527343,-325.810852050781,2812.71923828125,1201.66345214843,-314.883697509765,2831.88916015625,1278.11560058593,-314.37124633789,2914.02514648437,1293.14123535156,-352.209411621093,2947.33276367187,1165.04602050781,-776.348754882812,3083.26684570312,1079.62585449218,-759.900329589843,3188.54956054687,1073.09753417968,-519.481384277343,3354.85229492187,994.350708007812,-294.000915527343,3404.34521484375,966.483032226562,-210.47866821289,3342.37548828125,942.739135742187,-116.779830932617,3289.25146484375,988.738647460937,-190.927825927734,3320.93017578125,1260.79309082031,-251.655242919921,3067.7392578125,1291.03771972656,162.498443603515,3087.767578125,1326.97375488281,557.067932128906,3117.52392578125,1221.41882324218,641.558959960937,2977.63793945312,1131.78381347656,-267.244842529296,3192.40356445312,1130.21398925781,144.411361694335,3247.21240234375,1146.19128417968,539.898620605468,3314.55590820312,1013.46716308593,610.254577636718,3217.22583007812,1186.84924316406,-893.339477539062,3038.77124023437,1051.07165527343,-869.012512207031,2944.86206054687,1087.18737792968,-911.593078613281,2928.701171875,1215.91003417968,-935.384582519531,2942.7041015625,1053.22229003906,-915.998779296875,2970.83154296875,1116.62170410156,-966.821838378906,3079.96655273437
1190.66394042968,-257.475006103515,3132.13745117187,1172.43762207031,-435.428497314453,3089.7412109375,1167.78332519531,-580.408447265625,3066.0849609375,1190.84216308593,-802.738098144531,3056.72265625,1210.46911621093,-762.809020996093,3032.81665039062,1305.89880371093,-715.562133789062,2931.03173828125,1471.65344238281,-486.067504882812,2900.28100585937,1298.28332519531,-342.990600585937,2819.08251953125,1199.85095214843,-338.083129882812,2807.55932617187,1269.25427246093,-306.434906005859,2888.67333984375,1273.47180175781,-393.413269042968,2940.99389648437,1165.29650878906,-769.075073242187,3085.05737304687,1076.78063964843,-752.822692871093,3186.3759765625,1069.59118652343,-524.216918945312,3364.90600585937,950.434936523437,-314.57861328125,3385.65283203125,938.805297851562,-210.539352416992,3364.32080078125,904.952270507812,-110.317550659179,3336.251953125,972.902709960937,-199.299240112304,3315.15844726562,1258.97448730468,-249.227722167968,3068.1533203125,1291.93981933593,161.470733642578,3088.6533203125,1328.68859863281,553.049987792968,3116.01342773437,1222.51818847656,637.513244628906,2978.68090820312,1129.06506347656,-264.911926269531,3189.83471679687,1128.60510253906,143.418426513671,3245.33422851562,1150.46789550781,534.874755859375,3316.0791015625,1017.17175292968,604.302124023437,3221.43237304687,1189.00402832031,-885.952209472656,3044.17407226562,1069.39953613281,-885.224853515625,2929.66552734375,1109.15905761718,-926.83740234375,2925.89428710937,1234.12316894531,-939.31298828125,2961.85766601562,1069.61486816406,-927.240234375,2962.48315429687,1117.18664550781,-956.575317382812,3085.3837890625
1190.13586425781,-258.132598876953,3131.73071289062,1172.00915527343,-436.581665039062,3089.42456054687,1167.77526855468,-582.005859375,3066.185546875,1191.27697753906,-804.856872558593,3057.25170898437,1210.99182128906,-764.837341308593,3033.30810546875,1311.54089355468,-722.146667480468,2933.94604492187,1491.28576660156,-503.97412109375,2894.23193359375,1306.38122558593,-380.261413574218,2805.31372070312,1207.05456542968,-381.369049072265,2800.12036132812,1313.07751464843,-367.98193359375,2832.34594726562,1292.08728027343,-417.57681274414,2933.83935546875,1165.49572753906,-771.106811523437,3085.4931640625,1075.80969238281,-756.231994628906,3186.43701171875,1063.84118652343,-530.31884765625,3369.240234375,940.170776367187,-322.661987304687,3390.40087890625,922.737426757812,-217.365859985351,3381.50561523437,875.852172851562,-121.203811645507,3357.18408203125,928.943481445312,-209.004348754882,3339.259765625,1258.57531738281,-249.868743896484,3067.54931640625,1290.61584472656,161.99966430664,3086.27685546875,1327.51379394531,554.550903320312,3113.40649414062,1221.40515136718,642.970886230468,2977.86352539062,1128.42077636718,-265.58447265625,3189.60595703125,1128.65368652343,143.653335571289,3245.90356445312,1150.53503417968,536.0546875,3316.89526367187,1017.43103027343,606.842468261718,3222.1708984375,1189.61730957031,-888.296813964843,3044.79663085937,1063.80944824218,-886.080932617187,2936.53955078125,1103.56921386718,-927.529663085937,2929.89990234375,1230.61901855468,-940.081726074218,2959.044921875,1065.92761230468,-928.781005859375,2968.60913085937,1120.18371582031,-960.16552734375,3088.56176757812
1184.76745605468,-264.352264404296,3127.68872070312,1170.72302246093,-443.452331542968,3084.39721679687,1171.98376464843,-589.670776367187,3063.33813476562,1199.35925292968,-812.57568359375,3051.77001953125,1218.26013183593,-771.850463867187,3028.06811523437,1317.20080566406,-722.083801269531,2929.78955078125,1411.78552246093,-477.535217285156,2814.98413085937,1232.86218261718,-425.402313232421,2663.38061523437,1140.57849121093,-459.752014160156,2647.50952148437,1216.77868652343,-459.313720703125,2729.4853515625,1183.10241699218,-476.184814453125,2775.63061523437,1173.12365722656,-779.498229980468,3080.63330078125,1081.87976074218,-764.075012207031,3180.59399414062,1065.85974121093,-541.676025390625,3368.58813476562,931.652465820312,-339.478240966796,3385.615234375,887.962036132812,-243.876434326171,3407.62719726562,823.545776367187,-154.696197509765,3407.24243164062,884.568237304687,-229.227478027343,3395.64453125,1254.91931152343,-254.745544433593,3065.18676757812,1288.90539550781,158.111755371093,3083.68701171875,1328.31677246093,551.408142089843,3112.20166015625,1221.15783691406,641.4033203125,2977.771484375,1121.50842285156,-273.015075683593,3184.04956054687,1126.51062011718,136.891616821289,3243.4638671875,1150.08044433593,530.123046875,3315.46044921875,1017.79040527343,606.859436035156,3223.34887695312,1199.05969238281,-896.119567871093,3038.37573242187,1061.48132324218,-879.982116699218,2946.1015625,1099.52136230468,-920.6416015625,2929.94750976562,1229.14050292968,-937.400695800781,2942.60913085937,1066.40417480468,-926.411254882812,2972.40649414062,1133.47229003906,-972.612060546875,3080.96484375
1181.39880371093,-259.572540283203,3125.76928710937,1167.29064941406,-437.951385498046,3082.10766601562,1168.11437988281,-583.574890136718,3060.31372070312,1200.14050292968,-805.287231445312,3052.80688476562,1218.02600097656,-764.747375488281,3028.36743164062,1316.20666503906,-716.006591796875,2929.544921875,1381.01110839843,-486.871765136718,2772.41064453125,1216.28991699218,-410.244995117187,2616.42407226562,1126.90759277343,-453.552276611328,2620.68896484375,1190.58288574218,-429.584594726562,2709.09448242187,1187.72033691406,-467.509674072265,2743.05249023437,1173.37805175781,-772.357604980468,3081.05224609375,1082.31530761718,-761.22216796875,3181.13916015625,1047.92248535156,-546.673278808593,3374.24096679687,901.942260742187,-354.877075195312,3400.72583007812,842.548461914062,-276.381378173828,3442.77709960937,762.015991210937,-204.847335815429,3463.29028320312,835.740844726562,-259.084350585937,3431.37133789062,1251.30651855468,-249.854827880859,3063.47900390625,1287.45202636718,161.380599975585,3083.48657226562,1327.92272949218,553.252624511718,3112.07666015625,1220.52917480468,640.508056640625,2976.94702148437,1118.35998535156,-268.335479736328,3181.93920898437,1120.69445800781,140.211944580078,3241.41528320312,1140.75891113281,532.3623046875,3313.0693359375,1013.04846191406,613.24755859375,3219.19409179687,1201.59240722656,-888.778015136718,3041.00366210937,1064.62243652343,-889.950256347656,2947.41381835937,1105.16320800781,-929.297058105468,2935.2705078125,1235.02307128906,-936.538818359375,2949.87573242187,1072.17297363281,-933.215698242187,2977.81323242187,1140.73205566406,-964.787902832031,3090.06176757812
1181.48986816406,-260.260040283203,3125.34399414062,1166.49914550781,-439.916900634765,3082.66772460937,1164.97790527343,-586.198608398437,3059.5234375,1203.63513183593,-808.242980957031,3054.0498046875,1219.70300292968,-767.305541992187,3028.42431640625,1315.78649902343,-713.552734375,2928.84912109375,1346.57409667968,-508.572875976562,2730.39477539062,1167.57263183593,-506.245361328125,2569.26538085937,1074.71032714843,-527.5771484375,2599.60400390625,1148.36926269531,-477.991088867187,2668.20556640625,1199.37829589843,-536.488098144531,2699.58129882812,1176.53918457031,-775.530395507812,3082.76538085937,1088.12658691406,-767.643310546875,3186.54956054687,1049.83557128906,-552.536254882812,3380.86083984375,870.471313476562,-389.767578125,3409.53881835937,812.070190429687,-319.399993896484,3466.36889648437,831.342651367187,-258.447052001953,3556.24536132812,805.605590820312,-292.068420410156,3456.23950195312,1250.80261230468,-250.882843017578,3061.52075195312,1287.84875488281,162.593002319335,3083.69165039062,1329.26818847656,556.578979492187,3113.85083007812,1219.62658691406,640.226623535156,2976.63647460937,1118.98767089843,-268.715881347656,3182.89624023437,1121.90905761718,142.422088623046,3241.30395507812,1143.15686035156,537.141052246093,3311.54736328125,1010.71643066406,610.872985839843,3216.36499023437,1207.27917480468,-892.302734375,3043.26635742187,1070.80432128906,-892.096496582031,2947.25170898437,1111.64538574218,-931.648010253906,2935.16625976562,1242.03356933593,-939.439208984375,2951.55688476562,1077.87072753906,-935.963073730468,2977.4560546875,1145.20129394531,-969.122375488281,3090.94018554687
1179.92492675781,-260.091400146484,3122.1923828125,1166.66247558593,-440.514099121093,3081.6240234375,1166.53527832031,-587.096862792968,3059.65380859375,1210.22448730468,-808.35693359375,3053.37646484375,1224.57922363281,-767.082275390625,3027.205078125,1317.30480957031,-715.932373046875,2923.01611328125,1371.98376464843,-525.644897460937,2714.994140625,1153.42517089843,-524.758911132812,2613.36645507812,1077.88830566406,-576.334411621093,2653.96215820312,1169.25158691406,-555.719421386718,2715.90795898437,1177.48352050781,-570.943786621093,2742.90063476562,1183.21008300781,-776.197082519531,3082.8515625,1094.41369628906,-767.174987792968,3186.35009765625,1045.34143066406,-560.551452636718,3387.64794921875,853.626586914062,-413.901153564453,3423.92236328125,777.177612304687,-366.696411132812,3483.39184570312,808.719604492187,-316.718444824218,3576.6123046875,761.3349609375,-350.534973144531,3472.35229492187,1247.61511230468,-250.319915771484,3056.60571289062,1284.98571777343,163.356964111328,3080.275390625,1328.78894042968,557.086791992187,3114.11254882812,1219.47741699218,640.698364257812,2976.40698242187,1118.88562011718,-268.902770996093,3181.33447265625,1122.90539550781,142.21646118164,3241.97998046875,1144.19104003906,537.308349609375,3311.83471679687,1012.34582519531,610.745178222656,3215.35522460937,1215.51599121093,-892.395568847656,3042.61083984375,1078.41516113281,-892.802307128906,2947.2734375,1118.37048339843,-933.662414550781,2936.43676757812,1248.75622558593,-943.632141113281,2952.455078125,1084.73474121093,-935.704406738281,2979.05908203125,1152.06188964843,-966.129699707031,3093.42993164062
1179.80261230468,-257.388732910156,3121.87109375,1166.32775878906,-436.690673828125,3080.41625976562,1163.81652832031,-582.167358398437,3056.08813476562,1212.97424316406,-801.142761230468,3048.56762695312,1225.23181152343,-759.747192382812,3021.99243164062,1311.94299316406,-706.588806152343,2914.67749023437,1365.71984863281,-538.845886230468,2689.59204101562,1161.70104980468,-594.958190917968,2576.56323242187,1077.35485839843,-631.9462890625,2538.65795898437,1123.32189941406,-579.964111328125,2626.26635742187,1140.00598144531,-670.200927734375,2684.29858398437,1186.27355957031,-769.810485839843,3078.78857421875,1097.93811035156,-762.954284667968,3181.99462890625,1038.22302246093,-571.133422851562,3392.83129882812,839.138793945312,-438.244689941406,3434.3046875,743.2978515625,-431.647583007812,3481.9560546875,728.854736328125,-383.199951171875,3579.48486328125,723.498291015625,-422.125579833984,3467.94067382812,1249.38635253906,-248.05923461914,3058.90087890625,1286.40979003906,163.713470458984,3081.7587890625,1328.89074707031,555.803039550781,3114.2275390625,1220.54479980468,640.293518066406,2977.60009765625,1117.05578613281,-265.801544189453,3178.654296875,1122.45446777343,142.971099853515,3241.55810546875,1145.76354980468,535.5009765625,3314.23559570312,1015.33679199218,611.018737792968,3219.01416015625,1220.11608886718,-884.633239746093,3037.76708984375,1079.76843261718,-894.268127441406,2949.26782226562,1120.03454589843,-934.668212890625,2939.37231445312,1250.57434082031,-940.660705566406,2950.13525390625,1088.47155761718,-934.651306152343,2983.2822265625,1161.03894042968,-955.917358398437,3095.736328125
1176.28308105468,-255.275848388671,3117.61376953125,1165.40710449218,-435.015502929687,3078.53881835937,1166.67346191406,-580.864196777343,3057.90649414062,1216.22229003906,-799.399108886718,3049.7900390625,1226.96472167968,-758.245178222656,3022.33740234375,1302.45715332031,-707.760498046875,2905.93041992187,1348.67028808593,-555.786560058593,2668.80883789062,1175.23547363281,-660.509582519531,2540.99658203125,1096.66223144531,-709.492736816406,2504.69702148437,1148.07824707031,-674.692810058593,2597.43237304687,1148.48034667968,-740.507202148437,2649.02783203125,1190.95910644531,-767.954528808593,3080.99072265625,1105.56237792968,-760.422058105468,3186.34326171875,1035.50720214843,-576.49755859375,3400.431640625,812.582397460937,-490.744323730468,3442.80297851562,725.063110351562,-514.96142578125,3499.55249023437,698.808715820312,-465.188079833984,3593.7138671875,717.945068359375,-522.436279296875,3504.24340820312,1245.53381347656,-245.747436523437,3054.50903320312,1284.74035644531,165.099533081054,3079.51513671875,1330.38562011718,555.888061523437,3116.17993164062,1222.98352050781,643.194946289062,2980.97998046875,1113.83654785156,-263.868041992187,3174.51806640625,1120.39147949218,143.930831909179,3239.6865234375,1144.07922363281,535.623962402343,3313.5869140625,1014.28112792968,609.663024902343,3216.8359375,1223.15246582031,-882.831359863281,3039.35791015625,1085.06384277343,-901.137023925781,2949.13818359375,1126.87292480468,-940.337341308593,2941.57788085937,1257.14074707031,-941.088500976562,2954.72192382812,1094.58825683593,-939.719970703125,2984.85888671875,1165.72961425781,-953.753662109375,3099.11010742187
1174.82214355468,-252.119140625,3119.19946289062,1164.50451660156,-430.989135742187,3076.77124023437,1165.52941894531,-576.155639648437,3052.42822265625,1215.80139160156,-794.379699707031,3045.02661132812,1226.25427246093,-753.337036132812,3017.36547851562,1301.71520996093,-703.290344238281,2900.88793945312,1344.43444824218,-572.824157714843,2650.90576171875,1162.29870605468,-701.996643066406,2564.66015625,1113.84265136718,-775.037963867187,2517.830078125,1135.71520996093,-816.422485351562,2619.04711914062,1124.79553222656,-797.417053222656,2644.78173828125,1190.59045410156,-762.915588378906,3076.18774414062,1108.40905761718,-756.267028808593,3183.99853515625,1028.48400878906,-599.773132324218,3415.44165039062,794.833618164062,-552.874755859375,3459.77172851562,700.911376953125,-580.172729492187,3503.16577148437,634.584350585937,-539.704895019531,3580.48461914062,678.840576171875,-584.259765625,3482.07446289062,1243.19714355468,-240.957092285156,3055.5146484375,1282.51770019531,169.684295654296,3078.56469726562,1327.52917480468,560.531188964843,3112.09399414062,1219.97644042968,648.590881347656,2977.7099609375,1113.16491699218,-262.184417724609,3176.62646484375,1121.29260253906,145.420379638671,3240.88305664062,1144.92956542968,537.130981445312,3313.08618164062,1014.35900878906,609.790771484375,3216.57299804687,1222.98181152343,-877.768798828125,3034.92993164062,1079.35925292968,-907.106811523437,2957.37890625,1123.44079589843,-942.477416992187,2945.43627929687,1253.85998535156,-932.143432617187,2946.69799804687,1095.34777832031,-944.995056152343,2991.43676757812,1177.54187011718,-953.802001953125,3098.4453125
1171.67736816406,-254.291870117187,3113.73388671875,1162.82971191406,-434.849975585937,3073.85766601562,1168.10754394531,-581.362915039062,3053.6435546875,1218.14392089843,-801.011596679687,3052.98266601562,1228.00476074218,-760.817321777343,3023.4208984375,1299.18127441406,-718.306823730468,2900.41943359375,1330.41101074218,-624.1650390625,2631.376953125,1143.75378417968,-755.955383300781,2555.80834960937,1107.64782714843,-840.668884277343,2517.0341796875,1115.75378417968,-908.374389648437,2606.03662109375,1052.98522949218,-838.935546875,2553.3466796875,1193.64025878906,-768.191955566406,3083.76049804687,1116.44494628906,-759.340393066406,3195.93872070312,1011.12072753906,-620.405639648437,3430.3876953125,769.742065429687,-616.815124511718,3463.8447265625,689.441040039062,-659.885375976562,3521.03564453125,603.940307617187,-662.259521484375,3590.53198242187,662.171875,-682.575012207031,3475.99731445312,1237.21936035156,-242.654571533203,3046.49829101562,1280.72644042968,169.482513427734,3074.95727539062,1329.45959472656,561.68896484375,3112.45288085937,1224.14538574218,643.317138671875,2970.91357421875,1112.57556152343,-264.785766601562,3174.36303710937,1119.99572753906,144.883819580078,3239.97021484375,1147.81213378906,537.971984863281,3315.12353515625,1015.59558105468,611.831604003906,3219.9892578125,1224.98840332031,-885.184875488281,3045.73461914062,1086.50744628906,-909.148071289062,2956.01293945312,1132.73547363281,-941.623046875,2942.54028320312,1263.09509277343,-927.561950683593,2953.1376953125,1101.98962402343,-950.672546386718,2986.31298828125,1178.57531738281,-970.24169921875,3096.923828125
1170.79870605468,-256.217590332031,3109.857421875,1162.23693847656,-437.29019165039,3069.078125,1168.08044433593,-584.353881835937,3049.00537109375,1222.91442871093,-803.669738769531,3053.41162109375,1231.93176269531,-763.8330078125,3022.79125976562,1299.93395996093,-724.540405273437,2896.31030273437,1326.75988769531,-639.200805664062,2622.76220703125,1156.34851074218,-799.015930175781,2561.3740234375,1138.11096191406,-893.157409667968,2532.01098632812,1036.41491699218,-941.0791015625,2537.08911132812,1058.45983886718,-907.903564453125,2547.3779296875,1197.66735839843,-770.538024902343,3083.56372070312,1121.11779785156,-761.634460449218,3196.79028320312,1000.81262207031,-644.922241210937,3437.41381835937,761.757202148437,-683.053588867187,3472.5478515625,686.073608398437,-751.709106445312,3507.45141601562,610.006469726562,-758.658508300781,3587.45922851562,653.767700195312,-751.921203613281,3467.6748046875,1238.08142089843,-244.537231445312,3043.86743164062,1279.61413574218,169.243057250976,3073.85327148437,1327.38439941406,562.705383300781,3114.83959960937,1219.68737792968,650.368530273437,2977.78442382812,1110.12683105468,-266.750305175781,3169.36376953125,1117.74572753906,143.70361328125,3239.60522460937,1141.79333496093,537.929931640625,3317.96240234375,1012.78527832031,611.995483398437,3217.48706054687,1231.54699707031,-888.138854980468,3048.10034179687,1093.90905761718,-918.628845214843,2957.9150390625,1140.96325683593,-951.046508789062,2946.37646484375,1271.44323730468,-934.300476074218,2957.61767578125,1109.79406738281,-958.58984375,2990.38354492187,1185.79870605468,-971.792053222656,3102.93994140625
1168.52941894531,-256.330871582031,3108.23388671875,1161.46301269531,-437.086029052734,3065.72729492187,1168.38610839843,-583.9931640625,3044.78173828125,1229.20959472656,-801.787048339843,3044.22265625,1236.51208496093,-761.199768066406,3014.12866210937,1299.73791503906,-724.141540527343,2884.51953125,1328.04406738281,-673.133422851562,2602.666015625,1159.21594238281,-842.670837402343,2569.30322265625,1147.31872558593,-936.967712402343,2537.27807617187,1043.94543457031,-972.666748046875,2563.84741210937,1054.46887207031,-943.771911621093,2570.85034179687,1203.70397949218,-769.874084472656,3075.45947265625,1129.59289550781,-770.827575683593,3190.65087890625,992.851684570312,-681.585754394531,3434.26220703125,763.688842773437,-755.870666503906,3476.828125,697.963500976562,-824.648132324218,3527.93188476562,631.309814453125,-868.473327636718,3604.57641601562,677.38037109375,-835.436462402343,3513.90258789062,1237.43566894531,-243.934326171875,3044.0634765625,1278.69274902343,169.964462280273,3073.25634765625,1327.16491699218,563.233093261718,3115.57080078125,1215.46374511718,650.610473632812,2981.548828125,1106.39367675781,-267.509368896484,3166.09912109375,1112.69421386718,142.774353027343,3237.65380859375,1138.65466308593,536.067993164062,3320.146484375,1009.50524902343,607.001647949218,3217.58862304687,1240.01013183593,-885.892333984375,3037.25366210937,1092.43371582031,-917.721557617187,2965.00463867187,1137.39978027343,-951.473449707031,2949.59204101562,1268.52502441406,-936.662902832031,2944.94506835937,1111.44714355468,-956.52734375,2997.19921875,1199.82189941406,-966.239868164062,3100.73046875
1165.90173339843,-255.779571533203,3105.33618164062,1157.91027832031,-436.323272705078,3063.72387695312,1163.72863769531,-582.98388671875,3042.81494140625,1231.03356933593,-798.38720703125,3044.04711914062,1236.56457519531,-758.092102050781,3013.361328125,1294.76599121093,-717.312866210937,2882.8603515625,1311.06066894531,-721.849975585937,2596.10595703125,1143.20080566406,-894.075317382812,2579.14526367187,1139.91638183593,-993.612243652343,2589.17407226562,1043.74475097656,-1050.90893554687,2580.0078125,1040.31286621093,-999.801330566406,2588.05004882812,1205.15319824218,-766.902893066406,3075.24194335937,1133.38635253906,-770.996643066406,3191.51928710937,986.804077148437,-716.059753417968,3438.82739257812,773.839721679687,-831.157287597656,3470.54223632812,718.176635742187,-910.824401855468,3517.12573242187,656.047485351562,-961.975463867187,3592.70678710937,697.354248046875,-924.40185546875,3496.00854492187,1233.90905761718,-243.824920654296,3040.40795898437,1277.31140136718,168.896347045898,3071.23999023437,1326.57507324218,561.163696289062,3114.4423828125,1219.33068847656,648.019470214843,2977.05029296875,1104.57653808593,-266.5595703125,3163.88500976562,1115.53356933593,142.062622070312,3239.439453125,1146.87829589843,533.196411132812,3326.29663085937,1015.35974121093,605.459899902343,3228.4111328125,1244.25500488281,-882.045837402343,3038.00708007812,1096.00646972656,-920.788757324218,2971.5126953125,1141.89831542968,-951.968078613281,2953.99267578125,1271.53234863281,-930.382141113281,2944.28564453125,1118.23474121093,-958.754211425781,3002.44580078125,1210.92321777343,-964.743408203125,3102.0537109375
1166.05871582031,-262.134063720703,3103.49658203125,1160.67395019531,-443.733215332031,3061.70971679687,1167.26501464843,-590.902648925781,3039.1396484375,1233.84924316406,-807.738159179687,3042.99780273437,1239.59509277343,-767.639892578125,3011.6552734375,1290.15441894531,-732.312438964843,2875.607421875,1313.34655761718,-752.494140625,2588.48852539062,1146.49230957031,-928.239685058593,2591.80834960937,1152.81481933593,-1025.53100585937,2616.68432617187,1047.92004394531,-1067.01171875,2611.677734375,1080.78698730468,-1057.67504882812,2608.85668945312,1208.00524902343,-775.578918457031,3073.9775390625,1132.53479003906,-773.460205078125,3188.79931640625,990.492309570312,-741.34326171875,3444.455078125,795.697875976562,-889.868041992187,3459.61865234375,745.147094726562,-969.765258789062,3512.51977539062,677.9873046875,-1029.03466796875,3578.0478515625,732.847900390625,-998.883483886718,3474.7958984375,1233.80065917968,-249.0234375,3037.79052734375,1276.73132324218,165.848434448242,3069.94555664062,1324.79260253906,560.389587402343,3113.0615234375,1218.01257324218,649.991516113281,2975.61865234375,1104.97302246093,-273.956481933593,3162.74682617187,1116.41174316406,137.515060424804,3234.71557617187,1149.39050292968,531.408508300781,3318.2158203125,1013.96374511718,604.714233398437,3224.81127929687,1246.72009277343,-891.968627929687,3037.94897460937,1104.90515136718,-926.454650878906,2954.92504882812,1152.13415527343,-958.171142578125,2941.35083007812,1283.07507324218,-938.610717773437,2945.7978515625,1123.28674316406,-965.808410644531,2987.1142578125,1205.38977050781,-976.103759765625,3096.18798828125
1162.82629394531,-260.458404541015,3101.5927734375,1156.16491699218,-441.359436035156,3057.173828125,1165.71423339843,-588.513977050781,3035.74609375,1228.99450683593,-806.176635742187,3044.02880859375,1235.59387207031,-766.743896484375,3012.03002929687,1286.71984863281,-735.899475097656,2875.13208007812,1310.39318847656,-772.328918457031,2589.7041015625,1150.03454589843,-953.18359375,2606.9169921875,1155.23986816406,-1051.60791015625,2627.0869140625,1054.16101074218,-1100.7509765625,2637.70239257812,1114.47863769531,-1091.30102539062,2638.11376953125,1203.38977050781,-773.090698242187,3074.20776367187,1134.16833496093,-770.48583984375,3192.8671875,991.612670898437,-764.437255859375,3450.12548828125,814.948364257812,-933.85986328125,3432.76733398437,791.324340820312,-1028.64624023437,3479.578125,723.868530273437,-1103.46264648437,3526.1142578125,752.183715820312,-1066.1875,3407.44580078125,1228.85656738281,-246.386657714843,3034.3818359375,1274.26623535156,168.068328857421,3067.6435546875,1325.12731933593,562.008544921875,3112.43481445312,1217.21472167968,649.499938964843,2974.56079101562,1103.28405761718,-273.147521972656,3162.2001953125,1116.06237792968,138.258087158203,3233.94360351562,1148.49450683593,532.411254882812,3316.11865234375,1016.18591308593,605.903747558593,3218.53881835937,1240.63903808593,-890.653198242187,3040.59252929687,1099.03845214843,-929.327209472656,2959.11474609375,1147.81604003906,-956.889465332031,2942.35766601562,1277.25134277343,-928.904846191406,2944.77172851562,1120.88415527343,-969.283447265625,2988.2373046875,1206.62438964843,-980.827087402343,3094.31958007812
1161.69348144531,-261.436737060546,3098.3154296875,1150.13562011718,-441.488586425781,3056.05712890625,1156.21716308593,-588.228271484375,3036.64916992187,1225.95324707031,-802.56640625,3043.4951171875,1230.14440917968,-763.35693359375,3011.29370117187,1281.00378417968,-739.08203125,2873.92358398437,1293.77111816406,-821.4140625,2599.25244140625,1145.26110839843,-1009.38262939453,2624.7158203125,1151.50891113281,-1105.68115234375,2651.00122070312,1052.28576660156,-1155.11962890625,2668.51977539062,1073.52600097656,-1129.5791015625,2675.31030273437,1200.62585449218,-770.297180175781,3074.27294921875,1139.18249511718,-780.151062011718,3195.87133789062,988.193969726562,-810.100830078125,3444.5439453125,837.819458007812,-999.238952636718,3410.94970703125,816.359741210937,-1094.28881835937,3456.79931640625,795.520385742187,-1189.236328125,3508.95947265625,816.967407226562,-1122.50244140625,3418.91943359375,1227.12536621093,-249.800537109375,3030.84033203125,1272.94616699218,162.078063964843,3064.9052734375,1325.73352050781,552.9765625,3113.20581054687,1215.36950683593,644.233520507812,2981.46801757812,1102.69055175781,-271.929626464843,3159.16088867187,1114.75500488281,136.557647705078,3233.48828125,1146.24670410156,527.791748046875,3318.3720703125,1016.36364746093,606.846374511718,3223.865234375,1239.95031738281,-886.177551269531,3040.01733398437,1102.63073730468,-925.549926757812,2953.70434570312,1151.24621582031,-954.762573242187,2940.93530273437,1280.26013183593,-929.603881835937,2948.72119140625,1121.88684082031,-964.256774902343,2985.62280273437,1201.32043457031,-972.353637695312,3095.82543945312
1160.70324707031,-266.423278808593,3095.53784179687,1148.34143066406,-447.192443847656,3053.13110351562,1154.04235839843,-594.537719726562,3033.4130859375,1222.94738769531,-809.74609375,3048.20141601562,1228.02038574218,-771.371948242187,3014.80224609375,1277.52990722656,-748.955993652343,2875.95190429687,1291.06042480468,-830.116821289062,2599.70385742187,1151.53576660156,-1022.34222412109,2645.63037109375,1146.64050292968,-1120.10473632812,2668.13745117187,1080.86730957031,-1205.662109375,2700.64453125,1113.90905761718,-1154.51220703125,2696.83081054687,1197.00524902343,-776.333557128906,3077.57739257812,1136.32629394531,-776.893737792968,3200.59838867187,985.817260742187,-832.070983886718,3446.68603515625,875.017211914062,-1043.96337890625,3393.365234375,856.996215820312,-1145.79345703125,3425.00659179687,830.075561523437,-1236.01025390625,3483.39526367187,844.441772460937,-1160.99755859375,3394.90454101562,1225.38879394531,-254.72232055664,3026.80346679687,1269.96789550781,159.107559204101,3060.34399414062,1323.06701660156,551.39599609375,3110.82250976562,1213.74841308593,647.088562011718,2980.14794921875,1102.37316894531,-276.974548339843,3157.5185546875,1113.42736816406,133.585784912109,3230.39038085937,1148.37121582031,525.891723632812,3316.9990234375,1018.08801269531,607.858947753906,3224.1025390625,1236.69909667968,-893.83056640625,3047.51611328125,1109.77526855468,-924.1181640625,2942.3232421875,1158.39562988281,-955.628967285156,2935.13891601562,1286.83679199218,-937.293090820312,2960.66430664062,1122.79455566406,-964.68505859375,2975.4453125,1186.69226074218,-979.550415039062,3095.33203125
1157.18444824218,-264.828399658203,3093.56616210937,1146.15270996093,-446.455017089843,3053.78100585937,1152.94323730468,-594.172241210937,3036.27563476562,1223.09948730468,-809.229553222656,3050.58154296875,1227.86096191406,-770.753356933593,3017.181640625,1278.20056152343,-748.859802246093,2878.39770507812,1286.20715332031,-852.484252929687,2609.26049804687,1153.83630371093,-1046.390625,2668.537109375,1154.63903808593,-1131.76977539062,2721.60717773437,1141.35070800781,-1214.89672851562,2796.70532226562,1126.83215332031,-1148.37915039062,2762.5908203125,1197.05651855468,-775.959411621093,3080.11279296875,1137.94445800781,-780.428955078125,3203.9560546875,989.636596679687,-866.265808105468,3442.81396484375,891.015258789062,-1077.87841796875,3367.826171875,891.836547851562,-1181.41259765625,3399.40185546875,898.721069335937,-1286.23315429687,3434.91186523437,896.436401367187,-1197.89477539062,3387.38916015625,1222.01818847656,-253.69351196289,3024.75561523437,1271.81994628906,159.610687255859,3062.03442382812,1328.85827636718,551.541442871093,3113.89599609375,1221.83142089843,647.913269042968,2981.56323242187,1098.72082519531,-274.869201660156,3155.61547851562,1112.32043457031,136.047210693359,3228.26049804687,1146.48474121093,529.621826171875,3311.07958984375,1009.00354003906,606.141418457031,3223.75463867187,1237.30627441406,-893.316955566406,3049.74633789062,1112.58801269531,-933.243041992187,2944.88549804687,1161.91003417968,-964.296752929687,2940.66723632812,1289.68591308593,-941.823669433593,2966.85107421875,1125.77185058593,-971.192504882812,2980.99169921875,1187.96813964843,-976.492858886718,3102.7080078125
1157.96301269531,-265.281616210937,3093.68188476562,1145.75378417968,-447.945251464843,3055.90454101562,1151.89221191406,-596.391845703125,3039.83374023437,1228.44177246093,-810.154235839843,3053.67041015625,1231.79821777343,-771.462219238281,3020.06762695312,1278.60803222656,-748.88037109375,2879.59204101562,1276.36291503906,-872.080810546875,2617.57666015625,1152.30700683593,-1068.50708007812,2688.87744140625,1149.96813964843,-1156.47875976562,2738.22216796875,1137.11755371093,-1244.00463867187,2808.87622070312,1106.75964355468,-1162.56030273437,2778.80932617187,1201.68664550781,-777.47119140625,3083.54248046875,1146.03039550781,-790.918273925781,3208.87573242187,992.586547851562,-915.698120117187,3427.78784179687,932.954467773437,-1136.49755859375,3336.93994140625,938.344360351562,-1242.1962890625,3361.4326171875,963.786010742187,-1350.44580078125,3365.78491210937,927.236206054687,-1260.43920898437,3337.13452148437,1221.92883300781,-255.034637451171,3023.46215820312,1270.16516113281,160.05908203125,3059.74951171875,1324.28454589843,554.106506347656,3109.72534179687,1215.21887207031,656.555908203125,2982.68969726562,1100.28210449218,-274.521789550781,3157.00219726562,1111.71911621093,138.020050048828,3229.43286132812,1140.20983886718,533.785278320312,3311.02172851562,1007.46789550781,611.706787109375,3216.56176757812,1245.04113769531,-894.113403320312,3052.7646484375,1120.39172363281,-926.013610839843,2944.17456054687,1168.99816894531,-958.474060058593,2939.36840820312,1297.42346191406,-940.932556152343,2968.39526367187,1131.91271972656,-965.934204101562,2978.99194335937,1192.23156738281,-978.142700195312,3101.70434570312
1155.62341308593,-268.21255493164,3089.40795898437,1144.76452636718,-451.835388183593,3053.341796875,1152.25891113281,-600.76416015625,3038.49951171875,1230.12683105468,-814.543640136718,3054.86010742187,1233.44299316406,-776.060546875,3020.798828125,1278.84924316406,-754.974853515625,2879.19165039062,1267.20153808593,-889.06640625,2621.92846679687,1150.36779785156,-1083.59741210937,2710.76635742187,1160.34899902343,-1164.076171875,2771.25927734375,1114.87414550781,-1250.91625976562,2828.529296875,1101.35510253906,-1189.9560546875,2804.96704101562,1202.97351074218,-781.625244140625,3084.36059570312,1143.92395019531,-794.855651855468,3208.57934570312,1000.53112792968,-940.601745605468,3422.39501953125,972.349243164062,-1148.92138671875,3293.14208984375,979.292114257812,-1256.515625,3308.69921875,992.871215820312,-1365.42431640625,3328.88110351562,991.411010742187,-1270.93017578125,3260.08325195312,1218.70520019531,-257.925872802734,3018.04296875,1267.32189941406,158.116424560546,3056.35278320312,1322.80139160156,552.594055175781,3110.21240234375,1217.03234863281,650.337097167968,2976.04077148437,1098.73962402343,-277.488464355468,3153.7607421875,1110.87805175781,136.123748779296,3226.69506835937,1142.30334472656,532.810974121093,3308.30786132812,1006.25158691406,608.706298828125,3215.97412109375,1247.23767089843,-898.646911621093,3054.86376953125,1119.64123535156,-933.877380371093,2950.06787109375,1167.98767089843,-967.053466796875,2945.54833984375,1297.51477050781,-949.500305175781,2971.15502929687,1131.60827636718,-972.55712890625,2986.33935546875,1194.64440917968,-980.335083007812,3108.4716796875
1156.92468261718,-270.863403320312,3090.3466796875,1146.80822753906,-454.605041503906,3053.5234375,1154.47375488281,-603.679809570312,3038.4443359375,1229.63195800781,-818.755798339843,3054.23803710937,1233.78308105468,-780.052856445312,3020.42626953125,1279.65319824218,-756.587707519531,2879.15454101562,1261.78479003906,-896.403686523437,2624.92553710937,1150.87805175781,-1090.8115234375,2722.03662109375,1164.60266113281,-1172.3525390625,2780.54125976562,1145.32775878906,-1257.1220703125,2853.76806640625,1097.15661621093,-1187.4833984375,2817.6787109375,1202.54162597656,-785.656799316406,3083.7021484375,1144.22619628906,-794.325378417968,3208.84838867187,1000.88073730468,-952.954467773437,3413.828125,988.474731445312,-1161.96655273437,3282.67236328125,1024.56140136718,-1264.64697265625,3275.6484375,1063.31164550781,-1369.4248046875,3274.12939453125,1023.41027832031,-1267.171875,3223.3427734375,1221.94030761718,-260.465179443359,3020.59936523437,1269.48156738281,156.235809326171,3058.568359375,1323.09631347656,551.64013671875,3111.05688476562,1218.29211425781,650.930786132812,2976.92211914062,1098.29724121093,-280.239929199218,3153.24072265625,1110.62341308593,133.950134277343,3225.7294921875,1142.10412597656,531.09228515625,3307.50341796875,1007.33166503906,610.989807128906,3216.25561523437,1245.73083496093,-903.161376953125,3053.86987304687,1118.99401855468,-942.066162109375,2949.00854492187,1167.37390136718,-975.505554199218,2946.20971679687,1296.82043457031,-957.212158203125,2972.51831054687,1130.52380371093,-979.446655273437,2986.84619140625,1192.36242675781,-982.825500488281,3109.97143554687
1156.59216308593,-267.524322509765,3089.1298828125,1146.87292480468,-451.293579101562,3054.3408203125,1155.17565917968,-600.168273925781,3040.7333984375,1226.08093261718,-816.017761230468,3058.76123046875,1231.33190917968,-777.695190429687,3024.82934570312,1274.94104003906,-760.799438476562,2882.23510742187,1256.51135253906,-903.887573242187,2630.55615234375,1154.49670410156,-1094.84057617187,2741.96899414062,1177.23791503906,-1158.18115234375,2817.3955078125,1124.97985839843,-1258.2470703125,2828.478515625,1135.24060058593,-1210.00537109375,2836.62890625,1199.29455566406,-782.31298828125,3087.6240234375,1136.05871582031,-787.788940429687,3210.22387695312,1012.82556152343,-972.708679199218,3405.13134765625,1009.36633300781,-1166.39990234375,3252.60278320312,1059.27673339843,-1262.94995117187,3246.82080078125,1073.70690917968,-1334.65869140625,3162.67138671875,1081.49987792968,-1260.02734375,3162.90600585937,1220.31433105468,-257.506378173828,3018.40844726562,1268.21911621093,158.270599365234,3056.54077148437,1323.17785644531,552.553466796875,3109.78662109375,1219.27014160156,656.256774902343,2978.9228515625,1099.13098144531,-276.557891845703,3152.90209960937,1108.76965332031,137.097076416015,3223.86791992187,1138.93200683593,533.99755859375,3303.15576171875,1001.33166503906,610.781555175781,3214.21801757812,1240.62072753906,-900.528137207031,3059.1201171875,1108.84680175781,-942.143737792968,2962.37744140625,1158.67175292968,-972.1787109375,2954.13793945312,1288.19348144531,-947.01611328125,2971.5078125,1125.50866699218,-980.456848144531,2997.08154296875,1196.80090332031,-985.945373535156,3114.57666015625
1155.52331542968,-268.746673583984,3087.59155273437,1145.25891113281,-452.210571289062,3053.81005859375,1153.15930175781,-600.823669433593,3041.13403320312,1225.02380371093,-815.600219726562,3061.08129882812,1230.86340332031,-777.341491699218,3027.36352539062,1277.41174316406,-758.705749511718,2886.30712890625,1256.72790527343,-907.359313964843,2638.87670898437,1147.55822753906,-1097.349609375,2743.66552734375,1173.67810058593,-1169.20971679687,2809.412109375,1174.94128417968,-1256.14721679687,2881.83276367187,1144.49255371093,-1203.3388671875,2844.59716796875,1197.29797363281,-782.173156738281,3089.14282226562,1134.28308105468,-794.0419921875,3211.02490234375,1018.00720214843,-993.138122558593,3394.83715820312,1052.37170410156,-1148.97680664062,3207.669921875,1103.72644042968,-1243.53393554687,3193.16284179687,1149.38684082031,-1292.27465820312,3104.22094726562,1105.75524902343,-1251.21484375,3153.90551757812,1219.31872558593,-259.34829711914,3017.16625976562,1266.56335449218,155.599975585937,3053.8779296875,1319.81359863281,549.305786132812,3105.7587890625,1217.27697753906,649.136840820312,2971.56176757812,1097.99645996093,-277.221588134765,3151.09716796875,1108.73107910156,135.148361206054,3223.34399414062,1140.96594238281,530.316833496093,3305.37719726562,1005.42492675781,613.589416503906,3220.08447265625,1240.15246582031,-899.792541503906,3061.8623046875,1104.85583496093,-935.895385742187,2968.54223632812,1152.98327636718,-968.081665039062,2959.40307617187,1283.53308105468,-948.672119140625,2973.71215820312,1120.53479003906,-974.643676757812,3003.013671875,1193.94860839843,-982.692810058593,3118.6494140625
1159.11486816406,-271.746917724609,3082.23852539062,1148.10949707031,-454.908569335937,3046.95288085937,1155.15539550781,-603.481994628906,3033.13745117187,1227.24353027343,-817.960205078125,3055.64892578125,1233.43737792968,-779.938781738281,3021.716796875,1283.73229980468,-762.320068359375,2881.80053710937,1254.53967285156,-907.128601074218,2632.9091796875,1160.79675292968,-1100.36767578125,2746.40283203125,1188.86657714843,-1178.41772460937,2803.775390625,1203.77551269531,-1253.76586914062,2886.89013671875,1154.31921386718,-1199.35205078125,2841.3408203125,1199.07531738281,-784.382995605468,3083.09594726562,1141.92102050781,-798.271240234375,3207.64428710937,1027.66345214843,-1016.14447021484,3370.26245117187,1076.10168457031,-1157.57495117187,3174.90502929687,1142.84997558593,-1241.91333007812,3159.95434570312,1178.05603027343,-1272.65673828125,3059.01049804687,1130.62756347656,-1255.0947265625,3125.89013671875,1223.71374511718,-262.203582763671,3012.552734375,1270.08361816406,152.776062011718,3050.60498046875,1322.84387207031,546.279541015625,3104.85791015625,1217.40246582031,649.454528808593,2975.49194335937,1100.86291503906,-280.352569580078,3145.07690429687,1109.26647949218,131.543304443359,3220.56958007812,1138.62268066406,526.3115234375,3305.80004882812,1005.68566894531,613.341003417968,3220.11157226562,1242.55090332031,-902.119262695312,3057.26489257812,1100.47253417968,-935.734802246093,2973.55078125,1146.47473144531,-970.56396484375,2963.18994140625,1278.40344238281,-956.828308105468,2969.13989257812,1116.38586425781,-973.654174804687,3008.83764648437,1196.05920410156,-980.162414550781,3120.375
1157.26989746093,-274.661834716796,3081.42846679687,1148.48205566406,-458.526947021484,3047.69653320312,1157.76135253906,-607.318786621093,3035.130859375,1229.71081542968,-821.915344238281,3060.3212890625,1236.13269042968,-784.192810058593,3025.9814453125,1284.07678222656,-766.944030761718,2884.9521484375,1255.24694824218,-904.5576171875,2631.46240234375,1160.06384277343,-1103.90844726562,2733.39501953125,1182.74426269531,-1180.2568359375,2795.51611328125,1202.49304199218,-1268.9462890625,2863.27416992187,1137.22351074218,-1189.20166015625,2823.814453125,1201.35852050781,-787.989990234375,3087.2958984375,1145.52282714843,-799.3662109375,3212.92578125,1028.66564941406,-1032.25219726562,3352.00708007812,1093.96398925781,-1166.27661132812,3155.86303710937,1155.22912597656,-1254.63354492187,3139.5029296875,1199.77282714843,-1278.82666015625,3040.29223632812,1169.84631347656,-1238.40258789062,3065.42822265625,1220.85949707031,-264.721069335937,3010.677734375,1267.51232910156,150.924499511718,3048.197265625,1321.05187988281,544.72412109375,3104.05151367187,1219.17736816406,656.715698242187,2978.767578125,1099.92810058593,-283.625885009765,3145.22778320312,1109.76745605468,128.391784667968,3223.3984375,1139.25476074218,523.312255859375,3310.80029296875,1007.93737792968,610.582214355468,3222.32177734375,1244.98645019531,-906.189392089843,3062.90209960937,1109.06579589843,-944.511047363281,2970.87890625,1156.85485839843,-977.733215332031,2963.15478515625,1287.85437011718,-959.403564453125,2976.80883789062,1124.24133300781,-982.0283203125,3007.03759765625,1197.59094238281,-986.136901855468,3123.19091796875
1158.27160644531,-275.970794677734,3082.81713867187,1152.14758300781,-460.824310302734,3051.26123046875,1163.83288574218,-609.99072265625,3040.65161132812,1230.49841308593,-827.336669921875,3061.86206054687,1237.84704589843,-789.072937011718,3028.11083984375,1287.12536621093,-771.25732421875,2887.19653320312,1263.41833496093,-904.885803222656,2630.2041015625,1158.58654785156,-1099.80590820312,2732.75170898437,1180.80114746093,-1181.54760742187,2788.25341796875,1201.98815917968,-1261.02685546875,2866.66357421875,1137.03918457031,-1196.93359375,2812.25732421875,1202.98986816406,-793.106994628906,3089.57495117187,1146.68200683593,-804.026000976562,3215.42944335937,1025.93664550781,-1043.630859375,3340.72924804687,1097.91394042968,-1152.63745117187,3131.0810546875,1161.60461425781,-1238.2099609375,3108.48706054687,1220.40979003906,-1272.31420898437,3019.85400390625,1177.36682128906,-1227.2685546875,3051.86938476562,1221.80920410156,-265.934906005859,3011.69653320312,1267.12731933593,151.08218383789,3047.86279296875,1319.82482910156,546.163208007812,3102.982421875,1216.61389160156,654.829833984375,2975.08764648437,1100.97692871093,-285.020599365234,3146.94946289062,1109.83215332031,128.544189453125,3222.90625,1141.12780761718,524.414672851562,3310.2890625,1007.74328613281,610.410888671875,3222.6962890625,1243.65832519531,-912.225830078125,3062.88793945312,1113.30383300781,-962.641540527343,2967.88671875,1164.19787597656,-991.423034667968,2961.06396484375,1293.02014160156,-961.192565917968,2977.38842773437,1131.16540527343,-998.817199707031,3004.39599609375,1202.46057128906,-996.551086425781,3122.29028320312
1158.52111816406,-275.505950927734,3082.24731445312,1150.47888183593,-460.142578125,3049.75952148437,1160.23132324218,-609.412414550781,3038.47094726562,1232.25744628906,-824.921997070312,3061.08129882812,1238.68444824218,-786.693969726562,3027.09521484375,1291.87658691406,-766.965393066406,2887.85327148437,1266.92419433593,-903.969665527343,2632.7314453125,1161.16003417968,-1099.94165039062,2732.33032226562,1184.79650878906,-1183.10180664062,2785.087890625,1213.21813964843,-1256.99243164062,2866.62841796875,1136.76232910156,-1186.04565429687,2819.86401367187,1203.88122558593,-791.211364746093,3088.56396484375,1148.46691894531,-805.116394042968,3214.53515625,1031.72570800781,-1051.35961914062,3330.47680664062,1104.21789550781,-1148.71166992187,3115.31494140625,1172.90979003906,-1227.89282226562,3085.25219726562,1232.54162597656,-1275.08911132812,3003.42358398437,1181.63488769531,-1219.78735351562,3033.24584960937,1223.18469238281,-265.973724365234,3012.06616210937,1268.92370605468,150.960998535156,3049.11010742187,1322.77136230468,545.503662109375,3107.17749023437,1212.99523925781,647.860412597656,2979.51513671875,1100.21130371093,-284.101593017578,3145.53295898437,1108.75720214843,129.297393798828,3222.64135742187,1135.21911621093,525.775268554687,3309.04223632812,1003.82189941406,608.702026367187,3215.64331054687,1247.52014160156,-909.458618164062,3062.64453125,1115.32287597656,-961.56494140625,2971.13671875,1166.22497558593,-990.118835449218,2963.42846679687,1295.21423339843,-958.979797363281,2976.50610351562,1134.23327636718,-997.279602050781,3007.57958984375,1208.19445800781,-993.442443847656,3123.79345703125
1158.26623535156,-276.125885009765,3082.18579101562,1151.72521972656,-460.85205078125,3049.89721679687,1162.47448730468,-610.080505371093,3039.0244140625,1236.04992675781,-825.044616699218,3061.78271484375,1242.80773925781,-786.545593261718,3028.17041015625,1298.60021972656,-764.900146484375,2890.2412109375,1273.75183105468,-900.215698242187,2634.2177734375,1166.49304199218,-1098.34790039062,2727.74365234375,1193.64416503906,-1184.28955078125,2773.93872070312,1229.79650878906,-1252.11328125,2857.65747070312,1173.72155761718,-1213.88110351562,2790.3857421875,1206.80358886718,-791.774169921875,3088.88452148437,1148.43151855468,-805.403015136718,3213.53955078125,1029.48254394531,-1050.77807617187,3329.05810546875,1091.79699707031,-1144.36499023437,3109.09741210937,1165.06604003906,-1221.162109375,3084.09375,1235.69372558593,-1303.7275390625,3058.14404296875,1178.76672363281,-1213.88012695312,3018.62866210937,1223.92712402343,-266.353271484375,3012.97387695312,1269.78601074218,150.554992675781,3050.048828125,1322.60266113281,545.439453125,3106.6513671875,1212.47180175781,647.23291015625,2978.85180664062,1099.05676269531,-284.938323974609,3144.59741210937,1109.10949707031,128.082000732421,3223.47607421875,1139.27746582031,523.567199707031,3313.1044921875,1007.50427246093,606.859375,3220.5732421875,1252.07287597656,-909.441833496093,3063.13989257812,1117.10583496093,-951.759155273437,2970.63793945312,1167.18762207031,-980.767517089843,2959.86962890625,1297.07141113281,-953.496215820312,2972.693359375,1135.82727050781,-990.468688964843,3003.98681640625,1211.90515136718,-996.831237792968,3118.71020507812
1158.35241699218,-275.200622558593,3083.50146484375,1152.26892089843,-459.263885498046,3050.26513671875,1163.32434082031,-607.989685058593,3038.38696289062,1238.26232910156,-822.175659179687,3057.64672851562,1244.57995605468,-783.256469726562,3024.6494140625,1301.61511230468,-759.74365234375,2887.97778320312,1289.27355957031,-882.028503417968,2625.45458984375,1180.70495605468,-1086.86987304687,2699.23095703125,1199.33483886718,-1172.73095703125,2749.06176757812,1220.71716308593,-1243.66455078125,2834.84106445312,1168.11706542968,-1181.49096679687,2792.45922851562,1209.00061035156,-789.58642578125,3085.28857421875,1151.59606933593,-806.271911621093,3209.61083984375,1022.86633300781,-1043.46337890625,3329.62158203125,1088.16833496093,-1146.57446289062,3115.60791015625,1155.37292480468,-1225.75463867187,3083.32958984375,1236.55676269531,-1301.93237304687,3079.07250976562,1160.53088378906,-1218.20629882812,3009.34497070312,1223.39245605468,-264.826751708984,3014.14575195312,1269.60876464843,151.042037963867,3049.64331054687,1323.26940917968,544.872924804687,3105.13891601562,1214.36926269531,646.032287597656,2976.59497070312,1099.70275878906,-284.555206298828,3146.04223632812,1109.46423339843,127.835372924804,3222.21435546875,1137.15393066406,523.263671875,3307.87768554687,1005.48669433593,608.855102539062,3218.28955078125,1254.81848144531,-906.246459960937,3057.71215820312,1108.36511230468,-927.971252441406,2977.150390625,1153.22497558593,-962.145263671875,2960.81518554687,1285.74108886718,-951.177001953125,2962.28466796875,1125.04528808593,-969.964111328125,3007.21069335937,1209.46203613281,-990.375549316406,3113.7255859375
1158.68762207031,-273.286895751953,3083.37548828125,1152.77990722656,-457.229888916015,3049.72216796875,1163.85583496093,-605.877197265625,3037.3857421875,1238.72058105468,-820.156433105468,3055.12133789062,1245.02111816406,-781.0263671875,3022.392578125,1303.86145019531,-755.400024414062,2886.91455078125,1306.49645996093,-870.838439941406,2621.11938476562,1196.24597167968,-1080.55297851562,2676.10546875,1221.21862792968,-1161.97143554687,2730.36767578125,1243.63732910156,-1256.47192382812,2788.73803710937,1186.88000488281,-1170.796875,2772.31787109375,1209.50109863281,-787.755004882812,3083.001953125,1152.40954589843,-803.997863769531,3207.486328125,1023.61608886718,-1038.23559570312,3332.91625976562,1074.07653808593,-1147.55688476562,3118.04736328125,1129.53308105468,-1233.9462890625,3082.22802734375,1200.04455566406,-1319.78588867187,3074.15234375,1144.58752441406,-1215.49560546875,3006.06079101562,1223.68347167968,-262.690338134765,3014.046875,1269.05041503906,153.011657714843,3051.24291992187,1322.23693847656,546.472778320312,3109.00634765625,1215.04870605468,651.074096679687,2981.86499023437,1100.07824707031,-282.842315673828,3145.892578125,1110.27868652343,129.284393310546,3222.82250976562,1140.60754394531,523.954223632812,3310.55834960937,1008.98986816406,612.773986816406,3224.193359375,1255.24523925781,-904.208923339843,3054.6015625,1107.98962402343,-925.591430664062,2975.51684570312,1152.60681152343,-959.829895019531,2958.71362304687,1285.11682128906,-949.117370605468,2958.86328125,1124.88537597656,-967.626403808593,3005.37084960937,1210.30334472656,-988.269958496093,3110.99267578125
1157.75036621093,-271.876220703125,3086.11010742187,1153.29870605468,-455.276794433593,3051.75073242187,1165.82702636718,-603.407470703125,3038.90771484375,1243.14611816406,-816.549011230468,3052.36279296875,1248.71887207031,-776.88916015625,3020.3388671875,1305.16662597656,-753.253295898437,2883.87890625,1316.61706542968,-866.811950683593,2618.25805664062,1196.60192871093,-1074.10083007812,2657.05859375,1236.25280761718,-1160.79809570312,2689.61376953125,1287.46154785156,-1244.1787109375,2746.22094726562,1215.92224121093,-1187.1455078125,2716.76782226562,1213.83850097656,-785.050842285156,3080.94873046875,1157.48742675781,-803.120910644531,3205.1552734375,1019.62512207031,-1023.67706298828,3343.43896484375,1042.15710449218,-1133.041015625,3124.55639648437,1093.49060058593,-1227.091796875,3107.68286132812,1154.12145996093,-1319.28149414062,3120.77783203125,1101.10168457031,-1239.5712890625,3058.75048828125,1222.04357910156,-260.410186767578,3016.57836914062,1266.81970214843,154.515869140625,3051.84838867187,1318.69006347656,547.699340820312,3105.96459960937,1215.30187988281,648.5859375,2973.50659179687,1099.77478027343,-282.215667724609,3148.81030273437,1110.75988769531,129.240356445312,3223.76635742187,1139.36437988281,523.843139648437,3307.8564453125,1006.93908691406,608.936645507812,3219.88818359375,1260.60705566406,-900.179504394531,3050.28100585937,1117.24865722656,-926.221862792968,2966.42944335937,1163.76867675781,-957.893737792968,2950.251953125,1295.26550292968,-941.20849609375,2954.71411132812,1135.13488769531,-968.068420410156,2995.732421875,1218.04968261718,-987.356750488281,3103.16479492187
1159.65490722656,-269.746368408203,3083.51586914062,1155.86242675781,-453.231079101562,3047.27880859375,1168.58557128906,-601.56298828125,3033.09008789062,1245.09191894531,-815.332275390625,3049.58154296875,1251.17419433593,-775.935424804687,3017.142578125,1308.81481933593,-753.292785644531,2880.64086914062,1329.13342285156,-845.608947753906,2606.73413085937,1216.65441894531,-1059.498046875,2634.0224609375,1240.39831542968,-1152.87646484375,2664.208984375,1266.73303222656,-1245.89721679687,2723.29028320312,1201.55749511718,-1168.05297851562,2703.50024414062,1215.53942871093,-783.358703613281,3077.59350585937,1152.25671386718,-799.083740234375,3199.09716796875,1007.60290527343,-998.315368652343,3362.03564453125,1031.10803222656,-1148.3369140625,3168.14721679687,1070.17053222656,-1248.31030273437,3150.8798828125,1094.56750488281,-1346.20434570312,3103.71899414062,1091.50695800781,-1242.85083007812,3071.880859375,1225.21130371093,-257.568939208984,3014.9951171875,1269.09753417968,158.213745117187,3052.49951171875,1320.31604003906,552.248474121093,3107.74438476562,1215.83020019531,650.685119628906,2973.65673828125,1100.53967285156,-280.727294921875,3145.30395507812,1109.06970214843,131.560668945312,3221.29516601562,1138.86926269531,526.43359375,3308.07006835937,1006.22131347656,612.019287109375,3220.07543945312,1262.28381347656,-899.235534667968,3048.53759765625,1116.70104980468,-906.791442871093,2964.05346679687,1160.19030761718,-941.606994628906,2945.58618164062,1292.96960449218,-937.343688964843,2950.15942382812,1130.73522949218,-951.940856933593,2990.65380859375,1211.84875488281,-985.453308105468,3096.34814453125
1160.83972167968,-261.022857666015,3083.80249023437,1155.62707519531,-442.983673095703,3047.6259765625,1167.62561035156,-590.12744140625,3032.8017578125,1246.69445800781,-801.13916015625,3048.04760742187,1251.76062011718,-761.958923339843,3015.81030273437,1307.67883300781,-741.136352539062,2879.59252929687,1336.26306152343,-829.544189453125,2607.54272460937,1232.73913574218,-1047.47534179687,2604.99560546875,1253.25915527343,-1139.67211914062,2638.36401367187,1269.92004394531,-1247.96313476562,2663.48803710937,1223.75256347656,-1159.7001953125,2676.54833984375,1217.29968261718,-769.841369628906,3076.23803710937,1151.00354003906,-786.654663085937,3194.72534179687,1010.88513183593,-978.657409667968,3365.90502929687,996.010864257812,-1163.8310546875,3207.18969726562,1037.82653808593,-1263.23901367187,3205.45434570312,1048.74377441406,-1303.93701171875,3103.31420898437,1065.18493652343,-1246.51977539062,3105.22607421875,1223.38098144531,-248.843536376953,3013.53149414062,1269.90148925781,163.017974853515,3054.17504882812,1322.54724121093,553.588562011718,3109.84545898437,1218.06530761718,650.647644042968,2977.01171875,1104.44396972656,-272.005493164062,3147.16918945312,1111.78918457031,136.538757324218,3225.3388671875,1139.37829589843,528.206298828125,3312.5283203125,1009.70593261718,610.385986328125,3219.884765625,1264.89807128906,-884.13525390625,3046.74096679687,1131.32409667968,-904.124145507812,2948.23950195312,1176.80212402343,-939.223754882812,2938.73999023437,1307.03845214843,-931.050903320312,2957.82543945312,1142.72204589843,-945.550964355468,2980.65502929687,1210.91052246093,-965.5859375,3096.96044921875
1160.91906738281,-265.148620605468,3084.99267578125,1157.31140136718,-448.48110961914,3048.25952148437,1170.37634277343,-596.679870605468,3033.47583007812,1250.96960449218,-809.102600097656,3046.61694335937,1255.47326660156,-769.445190429687,3014.2626953125,1312.00964355468,-742.854797363281,2878.06079101562,1341.09899902343,-823.139892578125,2601.26171875,1240.45080566406,-1044.26953125,2592.2685546875,1259.19348144531,-1134.7216796875,2632.95654296875,1278.80749511718,-1245.43798828125,2646.61254882812,1212.89367675781,-1157.017578125,2643.41040039062,1221.65954589843,-777.808959960937,3075.60546875,1161.98791503906,-795.651123046875,3198.587890625,998.414916992187,-968.907653808593,3372.77368164062,980.373413085937,-1166.73217773437,3227.32543945312,1016.79846191406,-1268.10815429687,3241.74194335937,1026.97937011718,-1319.84936523437,3143.689453125,1017.96667480468,-1265.43823242187,3131.67041015625,1225.55090332031,-252.539947509765,3015.71557617187,1271.34265136718,162.63996887207,3056.09912109375,1322.57141113281,556.598205566406,3111.0048828125,1215.37585449218,645.482727050781,2972.54223632812,1102.63781738281,-276.518402099609,3147.46264648437,1109.99377441406,135.241485595703,3225.71166992187,1135.57385253906,529.926147460937,3314.10620117187,1005.02722167968,609.07373046875,3217.478515625,1269.56921386718,-892.661254882812,3044.61499023437,1137.19128417968,-906.94775390625,2941.4453125,1182.49743652343,-943.004089355468,2931.974609375,1313.33044433593,-938.187561035156,2954.74194335937,1146.95251464843,-949.873168945312,2973.12084960937,1212.17517089843,-974.987182617187,3091.3486328125
1161.15197753906,-263.614654541015,3085.0947265625,1157.94323730468,-446.859375,3048.08715820312,1171.36779785156,-594.981994628906,3033.18017578125,1253.39611816406,-806.842224121093,3045.68237304687,1257.83752441406,-766.976440429687,3013.59326171875,1315.89099121093,-739.954467773437,2878.1513671875,1340.99743652343,-815.706970214843,2599.75268554687,1241.93566894531,-1036.84326171875,2580.52026367187,1263.21496582031,-1127.615234375,2619.14379882812,1284.07678222656,-1238.06079101562,2632.9443359375,1213.40808105468,-1147.78442382812,2632.56591796875,1223.66101074218,-775.935241699218,3074.63330078125,1162.00451660156,-794.704040527343,3196.4609375,995.349487304687,-965.462158203125,3370.08666992187,975.796508789062,-1169.18701171875,3233.32543945312,993.715454101562,-1276.14624023437,3240.05688476562,1005.34265136718,-1380.34326171875,3277.44360351562,982.591674804687,-1285.9052734375,3239.560546875,1225.89562988281,-250.792053222656,3015.9892578125,1270.77624511718,164.43374633789,3056.009765625,1321.19665527343,558.460144042968,3110.560546875,1214.93395996093,648.459716796875,2972.1572265625,1102.76965332031,-275.177337646484,3147.41015625,1111.30847167968,136.625457763671,3224.8388671875,1141.15026855468,530.732238769531,3314.08276367187,1007.26892089843,609.136108398437,3221.56958007812,1272.61437988281,-890.233459472656,3043.33764648437,1139.74890136718,-893.789916992187,2939.9248046875,1183.13049316406,-931.744750976562,2929.04174804687,1314.00061035156,-934.537536621093,2951.77294921875,1147.26794433593,-938.311828613281,2969.94580078125,1211.04333496093,-971.171752929687,3087.02514648437
1161.40295410156,-263.183349609375,3084.08129882812,1158.59729003906,-446.295989990234,3046.87646484375,1172.32653808593,-594.2998046875,3031.84204101562,1255.19885253906,-805.710021972656,3044.25317382812,1259.61535644531,-765.771423339843,3012.2939453125,1318.99743652343,-738.250061035156,2877.6162109375,1344.93420410156,-814.007446289062,2599.451171875,1247.46472167968,-1035.75634765625,2580.73046875,1267.30432128906,-1123.12475585937,2627.06274414062,1287.96081542968,-1231.8525390625,2650.77490234375,1212.10461425781,-1139.00341796875,2641.30395507812,1225.20007324218,-775.019104003906,3073.1142578125,1162.78454589843,-793.045104980468,3194.58618164062,995.284057617187,-955.6708984375,3374.82055664062,955.428344726562,-1169.71459960937,3260.26098632812,973.223754882812,-1274.25537109375,3283.69262695312,982.552368164062,-1374.97827148437,3330.00634765625,950.560913085937,-1283.64819335937,3272.43139648437,1226.20910644531,-250.168579101562,3015.138671875,1270.73376464843,164.94580078125,3054.4296875,1321.34973144531,558.674499511718,3109.42260742187,1217.04675292968,649.534301757812,2970.2373046875,1102.96447753906,-274.919342041015,3146.24975585937,1109.81140136718,136.876281738281,3222.70458984375,1138.37634277343,530.998168945312,3311.34545898437,1006.18566894531,613.688415527343,3220.32763671875,1274.79187011718,-888.965698242187,3041.81274414062,1140.00964355468,-887.642211914062,2941.00244140625,1182.47424316406,-926.035705566406,2928.35009765625,1313.61535644531,-931.650756835937,2948.44287109375,1147.30456542968,-933.000671386718,2969.74877929687,1212.67053222656,-969.855224609375,3084.658203125
1159.98767089843,-259.317596435546,3083.328125,1158.49255371093,-441.177520751953,3042.42822265625,1172.79235839843,-588.417663574218,3024.42407226562,1257.40417480468,-798.648681640625,3034.51611328125,1261.70593261718,-758.310729980468,3003.25634765625,1323.33044433593,-729.802734375,2870.216796875,1345.91149902343,-809.635620117187,2593.65454101562,1241.99157714843,-1027.92065429687,2576.88549804687,1261.74426269531,-1114.74536132812,2623.72705078125,1270.35827636718,-1223.90063476562,2651.25122070312,1222.91027832031,-1129.45263671875,2651.04272460937,1226.92443847656,-768.746032714843,3063.46923828125,1160.59167480468,-787.500122070312,3182.33740234375,986.146606445312,-930.135864257812,3371.48828125,937.089477539062,-1157.57641601562,3293.4541015625,947.341430664062,-1259.30590820312,3329.25415039062,957.237670898437,-1367.40112304687,3352.33764648437,940.341674804687,-1278.9638671875,3302.52099609375,1225.68005371093,-244.691925048828,3015.89428710937,1272.18200683593,168.908584594726,3057.61938476562,1323.96447753906,561.482666015625,3112.494140625,1216.44787597656,647.734191894531,2973.51171875,1100.74963378906,-272.506164550781,3144.13623046875,1109.52282714843,137.808929443359,3222.60205078125,1138.88146972656,530.707641601562,3311.79638671875,1008.26818847656,607.636108398437,3214.55517578125,1277.78186035156,-881.459655761718,3031.06298828125,1134.49890136718,-883.782348632812,2943.57543945312,1176.21008300781,-921.461242675781,2927.4287109375,1308.40954589843,-924.46142578125,2935.146484375,1145.29357910156,-928.537536621093,2971.908203125,1221.64587402343,-962.725219726562,3080.271484375
1159.75549316406,-259.432922363281,3084.14672851562,1158.46740722656,-441.496704101562,3042.89965820312,1173.05383300781,-588.862731933593,3024.3515625,1262.25354003906,-797.61279296875,3033.08129882812,1264.65881347656,-757.402038574218,3001.33422851562,1321.56286621093,-726.103088378906,2866.58374023437,1350.10729980468,-809.359680175781,2591.14184570312,1243.24938964843,-1026.93823242187,2579.20629882812,1257.75329589843,-1115.51733398437,2624.98779296875,1253.94006347656,-1224.40625,2655.20068359375,1236.90563964843,-1142.298828125,2642.01635742187,1232.17614746093,-768.027709960937,3062.9033203125,1162.32507324218,-788.03076171875,3179.76904296875,981.993774414062,-896.645568847656,3385.90502929687,902.149291992187,-1119.31567382812,3319.23413085937,902.788940429687,-1209.29296875,3379.84619140625,925.717651367187,-1318.0390625,3380.1650390625,905.315063476562,-1244.88525390625,3336.4423828125,1224.62854003906,-244.4111328125,3015.81469726562,1271.15515136718,169.865859985351,3056.96020507812,1323.54626464843,562.962829589843,3111.79272460937,1215.75012207031,650.686584472656,2973.54541015625,1101.25671386718,-272.978729248046,3145.76489257812,1109.30139160156,138.366271972656,3222.15893554687,1138.21447753906,532.609008789062,3308.20068359375,1004.63537597656,613.944885253906,3218.36767578125,1284.16882324218,-880.156188964843,3029.54223632812,1135.40612792968,-862.021545410156,2953.29931640625,1172.14367675781,-901.831604003906,2931.03271484375,1303.85290527343,-917.390563964843,2928.30712890625,1143.79675292968,-909.905700683593,2977.12353515625,1223.93469238281,-960.08544921875,3076.4013671875
1160.63708496093,-257.924499511718,3084.2607421875,1160.31726074218,-439.15185546875,3042.83251953125,1175.21008300781,-585.885681152343,3024.521484375,1261.35900878906,-795.004272460937,3029.71923828125,1264.08312988281,-754.552124023437,2998.65771484375,1322.72961425781,-724.143310546875,2865.14819335937,1348.41589355468,-810.884033203125,2591.77270507812,1238.56091308593,-1025.67529296875,2577.380859375,1241.09948730468,-1112.0419921875,2628.39428710937,1250.99621582031,-1219.88818359375,2659.19775390625,1177.07141113281,-1120.9658203125,2623.63696289062,1231.97985839843,-765.579528808593,3060.01904296875,1162.09191894531,-783.666625976562,3176.4990234375,980.596801757812,-876.914855957031,3387.32885742187,895.391235351562,-1100.23706054687,3334.73706054687,896.932250976562,-1181.50439453125,3405.90795898437,880.353881835937,-1289.18188476562,3386.43017578125,894.088500976562,-1239.51611328125,3352.8310546875,1227.15295410156,-242.916412353515,3018.0947265625,1272.11926269531,169.907302856445,3057.78271484375,1322.58679199218,561.794494628906,3110.87231445312,1217.72131347656,648.264038085937,2970.75146484375,1100.65686035156,-271.457977294921,3143.92578125,1108.08996582031,138.0322265625,3220.79370117187,1136.86926269531,530.168334960937,3308.56372070312,1006.61022949218,611.747192382812,3215.6376953125,1282.08239746093,-877.421813964843,3024.8984375,1132.39880371093,-865.045959472656,2950.88232421875,1169.33483886718,-904.891723632812,2929.67456054687,1300.69372558593,-918.155639648437,2925.31640625,1142.02111816406,-911.586120605468,2976.33618164062,1224.35290527343,-956.134643554687,3075.71606445312
1157.28356933593,-257.031646728515,3081.27880859375,1156.65441894531,-438.402160644531,3040.94140625,1171.80261230468,-585.082885742187,3023.06372070312,1257.16833496093,-794.375549316406,3028.88012695312,1259.93786621093,-754.087707519531,2997.654296875,1322.67956542968,-724.298156738281,2865.96801757812,1347.86340332031,-815.997863769531,2594.33227539062,1227.59704589843,-1025.48095703125,2593.38037109375,1225.38537597656,-1112.84106445312,2642.5791015625,1219.40173339843,-1222.2353515625,2668.29321289062,1182.72106933593,-1129.5419921875,2651.93579101562,1228.00671386718,-764.731689453125,3059.13012695312,1159.08898925781,-778.147216796875,3176.72875976562,981.853393554687,-859.482727050781,3395.73779296875,894.622436523437,-1082.19775390625,3344.51831054687,887.170776367187,-1158.61547851562,3420.4423828125,862.800659179687,-1266.29223632812,3413.56469726562,877.078491210937,-1216.912109375,3372.50512695312,1221.57556152343,-242.071380615234,3013.01000976562,1269.03723144531,170.130249023437,3053.89721679687,1322.66174316406,561.381042480468,3106.98461914062,1214.11096191406,650.653259277343,2971.6552734375,1099.30895996093,-270.522003173828,3142.84008789062,1106.90783691406,138.470306396484,3221.12182617187,1136.35559082031,530.178649902343,3309.58837890625,1007.14147949218,613.655578613281,3217.07543945312,1277.56799316406,-876.843078613281,3024.3486328125,1129.79284667968,-879.687866210937,2945.85620117187,1169.86413574218,-918.291076660156,2928.47338867187,1301.81091308593,-922.932312011718,2928.44482421875,1141.65759277343,-923.595947265625,2974.74682617187,1223.62780761718,-955.559753417968,3079.04833984375
1158.25012207031,-259.743011474609,3081.87841796875,1158.09069824218,-441.162902832031,3039.8779296875,1173.07556152343,-588.093566894531,3021.17309570312,1259.19104003906,-797.616943359375,3027.28002929687,1261.96081542968,-757.229736328125,2995.99609375,1323.68566894531,-723.431030273437,2864.4208984375,1343.11730957031,-816.780151367187,2592.19287109375,1219.10314941406,-1024.53173828125,2600.4892578125,1208.97692871093,-1112.05688476562,2648.85302734375,1178.94396972656,-1216.4716796875,2679.12329101562,1175.76184082031,-1125.03002929687,2669.94067382812,1229.78039550781,-767.989685058593,3057.50073242187,1159.52893066406,-780.085266113281,3174.80932617187,977.417114257812,-843.455871582031,3396.61376953125,890.832641601562,-1070.67236328125,3365.3388671875,866.500854492187,-1151.02880859375,3433.62158203125,858.775268554687,-1260.87646484375,3446.42993164062,870.590698242187,-1199.53466796875,3367.46801757812,1225.11267089843,-244.52212524414,3015.87866210937,1270.40734863281,168.950912475585,3055.88671875,1322.71228027343,561.026550292968,3110.86157226562,1216.75988769531,651.894470214843,2973.91577148437,1097.95739746093,-273.468383789062,3141.39331054687,1108.16003417968,135.905822753906,3222.29614257812,1138.26965332031,528.040954589843,3312.72729492187,1007.79406738281,612.235168457031,3221.86987304687,1279.88000488281,-880.211669921875,3022.80297851562,1130.13830566406,-881.348876953125,2947.25122070312,1170.21862792968,-918.992858886718,2927.50805664062,1302.46154785156,-922.48583984375,2924.48901367187,1142.99938964843,-926.3232421875,2974.2373046875,1227.64050292968,-961.608825683593,3075.69482421875
1158.23400878906,-259.781951904296,3081.59643554687,1158.00134277343,-441.232238769531,3039.52124023437,1172.79846191406,-588.194396972656,3020.6201171875,1258.22619628906,-798.076538085937,3026.14770507812,1261.09191894531,-757.619812011718,2994.94116210937,1322.22570800781,-724.045593261718,2862.99096679687,1337.36218261718,-816.804809570312,2590.21264648437,1209.97912597656,-1022.5181274414,2599.912109375,1194.22204589843,-1107.53784179687,2651.20166015625,1158.16589355468,-1209.02856445312,2684.76806640625,1160.96594238281,-1119.83325195312,2670.876953125,1228.95104980468,-768.408386230468,3056.4814453125,1158.64440917968,-780.514892578125,3173.79614257812,975.567749023437,-843.518310546875,3395.00732421875,887.371704101562,-1070.0517578125,3362.81298828125,860.309204101562,-1150.29418945312,3430.23999023437,853.226196289062,-1260.66552734375,3438.26293945312,869.006958007812,-1200.87084960937,3368.96899414062,1225.10363769531,-244.557342529296,3015.57055664062,1269.97570800781,169.067916870117,3055.57348632812,1322.17565917968,561.21728515625,3110.8466796875,1213.41833496093,654.367492675781,2977.61376953125,1097.93444824218,-273.510650634765,3141.13500976562,1108.66687011718,135.962417602539,3222.0068359375,1139.46374511718,528.092224121093,3312.67944335937,1009.94152832031,610.963928222656,3219.19165039062,1278.63122558593,-880.752136230468,3021.45874023437,1130.42053222656,-885.079345703125,2942.96728515625,1171.53698730468,-922.18212890625,2924.3173828125,1303.88732910156,-923.399230957031,2923.92895507812,1143.52038574218,-929.623901367187,2970.5712890625,1226.75109863281,-962.653015136718,3073.98266601562
1156.08752441406,-258.409698486328,3077.69873046875,1156.80920410156,-439.680603027343,3036.6806640625,1172.71228027343,-586.328063964843,3018.84057617187,1257.89758300781,-795.74462890625,3025.2685546875,1260.60876464843,-755.58154296875,2993.85424804687,1319.95275878906,-723.32275390625,2861.1318359375,1338.09240722656,-821.716857910156,2591.19604492187,1202.39343261718,-1021.07354736328,2606.146484375,1189.14538574218,-1104.04638671875,2660.94482421875,1149.52233886718,-1200.34838867187,2703.68920898437,1161.87194824218,-1119.24340820312,2682.43432617187,1228.85900878906,-765.932922363281,3055.49633789062,1159.58947753906,-778.379272460937,3173.03930664062,976.715209960937,-842.36572265625,3393.27490234375,884.259155273437,-1067.05151367187,3364.35546875,863.879028320312,-1152.427734375,3427.29760742187,848.998413085937,-1261.72265625,3418.60424804687,861.560913085937,-1200.0361328125,3364.181640625,1222.43518066406,-243.155822753906,3011.45458984375,1268.57580566406,169.194702148437,3053.5263671875,1320.79919433593,560.336608886718,3109.5693359375,1216.06677246093,650.943481445312,2972.05712890625,1096.25891113281,-272.164794921875,3137.43383789062,1106.15295410156,136.67527770996,3216.86743164062,1138.50012207031,527.69189453125,3307.85913085937,1007.79455566406,609.906677246093,3216.2177734375,1278.20056152343,-878.275756835937,3021.01977539062,1133.87048339843,-883.97265625,2936.41040039062,1175.04431152343,-922.418212890625,2921.35571289062,1306.95202636718,-925.623352050781,2926.95751953125,1144.95471191406,-927.29833984375,2966.49365234375,1222.78845214843,-956.721496582031,3074.68920898437
1156.61657714843,-257.307678222656,3078.98071289062,1157.27355957031,-438.410736083984,3038.43823242187,1173.33312988281,-584.834228515625,3020.68505859375,1255.30236816406,-795.1298828125,3028.58081054687,1258.36950683593,-755.3857421875,2996.7880859375,1316.23864746093,-728.931823730468,2862.38232421875,1327.74597167968,-828.681762695312,2593.02416992187,1183.70837402343,-1021.05377197265,2614.43676757812,1169.61291503906,-1098.56225585937,2676.3037109375,1125.32995605468,-1182.25341796875,2736.87915039062,1147.19885253906,-1113.42602539062,2701.12841796875,1226.98620605468,-764.627868652343,3058.67846679687,1160.50964355468,-774.853820800781,3177.80712890625,975.989868164062,-847.304016113281,3393.43701171875,880.850463867187,-1069.20849609375,3355.98999023437,879.123657226562,-1157.40844726562,3418.0400390625,856.250366210937,-1263.58911132812,3397.80419921875,876.279663085937,-1208.64770507812,3368.57958984375,1221.71130371093,-242.011566162109,3011.70776367187,1270.15197753906,169.363159179687,3054.76733398437,1324.09411621093,559.963012695312,3108.8359375,1216.52160644531,650.961303710937,2974.20434570312,1097.91784667968,-271.100830078125,3139.6435546875,1107.52233886718,137.045761108398,3219.52368164062,1138.31579589843,528.056030273437,3308.486328125,1005.92175292968,610.245239257812,3219.80078125,1274.30676269531,-877.875854492187,3025.01953125,1134.23254394531,-894.141479492187,2935.26416015625,1177.59069824218,-931.260986328125,2923.75927734375,1308.97180175781,-928.131652832031,2934.71801757812,1145.93127441406,-935.394836425781,2967.78955078125,1220.28918457031,-956.074768066406,3080.12622070312
1160.55603027343,-256.446228027343,3073.47827148437,1158.79943847656,-437.624725341796,3033.06787109375,1172.53283691406,-584.367919921875,3015.65795898437,1253.85388183593,-794.89697265625,3025.57983398437,1257.11242675781,-755.432922363281,2993.43676757812,1314.60900878906,-731.020568847656,2858.43994140625,1320.16369628906,-842.820983886718,2593.57666015625,1169.90808105468,-1029.53173828125,2621.98779296875,1163.12390136718,-1105.98974609375,2686.38940429687,1141.90539550781,-1203.30981445312,2738.54541015625,1125.01745605468,-1112.01928710937,2709.0927734375,1225.56164550781,-764.035400390625,3055.35668945312,1161.38903808593,-775.321655273437,3175.69091796875,978.552856445312,-857.684265136718,3389.29833984375,877.405151367187,-1076.83056640625,3350.92041015625,892.906860351562,-1174.63500976562,3393.7333984375,871.676635742187,-1282.4951171875,3382.36059570312,894.523559570312,-1216.8544921875,3348.78466796875,1227.25939941406,-242.37451171875,3007.48901367187,1270.51599121093,169.608917236328,3051.3701171875,1321.26013183593,560.164978027343,3109.51831054687,1214.05065917968,645.627685546875,2970.94775390625,1100.40637207031,-269.135314941406,3132.98364257812,1110.15148925781,138.262252807617,3217.16162109375,1141.09826660156,528.031982421875,3311.83984375,1008.38732910156,608.758239746093,3222.18798828125,1272.61413574218,-877.752624511718,3022.78662109375,1127.80627441406,-887.076477050781,2939.71459960937,1168.44519042968,-926.736145019531,2926.76684570312,1300.19787597656,-930.940124511718,2931.68969726562,1138.66540527343,-928.563293457031,2972.25903320312,1216.88220214843,-952.146057128906,3081.40454101562
1162.06311035156,-259.854705810546,3074.9541015625,1160.24523925781,-442.10610961914,3034.44458007812,1174.01135253906,-589.675964355468,3016.74169921875,1258.90808105468,-800.292541503906,3024.28491210937,1261.08654785156,-760.404296875,2992.1064453125,1314.03820800781,-732.980163574218,2854.89965820312,1310.16320800781,-840.663757324218,2586.52075195312,1167.20520019531,-1033.04809570312,2624.849609375,1154.40417480468,-1108.83959960937,2690.02001953125,1121.81945800781,-1197.7724609375,2751.80126953125,1125.86730957031,-1114.64794921875,2717.90991210937,1230.52893066406,-769.800354003906,3054.86059570312,1163.42932128906,-780.876770019531,3174.5146484375,974.783081054687,-865.041870117187,3384.66088867187,884.678833007812,-1090.53686523437,3346.55444335937,912.023559570312,-1187.18408203125,3387.60375976562,944.326538085937,-1293.00854492187,3376.98974609375,916.347534179687,-1216.517578125,3320.37451171875,1228.47546386718,-245.618682861328,3007.9267578125,1271.63781738281,168.711349487304,3052.64233398437,1321.50109863281,561.825134277343,3110.05688476562,1211.69836425781,652.882995605468,2975.55688476562,1102.17590332031,-272.691955566406,3135.39575195312,1109.71643066406,137.77439880371,3216.72680664062,1136.66857910156,531.35302734375,3306.62377929687,1003.67443847656,611.73779296875,3215.03344726562,1278.88903808593,-883.337463378906,3020.74047851562,1135.36584472656,-887.893249511718,2933.21630859375,1176.54455566406,-927.066528320312,2919.03833007812,1308.89172363281,-931.757873535156,2927.033203125,1145.46594238281,-931.370666503906,2963.86596679687,1221.37976074218,-961.201965332031,3074.0869140625
1161.53674316406,-260.66519165039,3075.10913085937,1159.55603027343,-443.019714355468,3034.69018554687,1173.37829589843,-590.681274414062,3017.24047851562,1258.69787597656,-801.214965820312,3025.337890625,1260.79821777343,-761.392150878906,2993.037109375,1312.66442871093,-734.678955078125,2855.205078125,1306.83239746093,-846.323669433593,2588.34619140625,1155.19177246093,-1031.833984375,2627.8564453125,1138.87951660156,-1101.95458984375,2698.43579101562,1086.81091308593,-1188.99755859375,2748.5498046875,1111.42346191406,-1109.669921875,2724.37744140625,1230.25695800781,-770.678466796875,3055.85083007812,1163.22277832031,-783.913146972656,3175.39233398437,976.988159179687,-882.089050292968,3381.76000976562,907.699340820312,-1108.1015625,3314.01196289062,936.313842773437,-1210.71801757812,3334.86694335937,960.285522460937,-1317.42724609375,3354.9755859375,920.984741210937,-1226.09326171875,3296.92504882812,1227.97741699218,-246.518890380859,3008.03051757812,1272.75402832031,167.749191284179,3053.46557617187,1323.56628417968,560.922485351562,3110.87890625,1214.81555175781,651.435302734375,2975.03637695312,1101.62438964843,-273.421569824218,3135.59692382812,1110.10681152343,137.084518432617,3217.58569335937,1139.02380371093,530.429077148437,3308.69555664062,1005.16076660156,610.248840332031,3217.72143554687,1278.83801269531,-884.269287109375,3022.01196289062,1138.70666503906,-896.236083984375,2929.68017578125,1180.70153808593,-935.889953613281,2919.76489257812,1312.74060058593,-938.700378417968,2932.99340820312,1147.96667480468,-937.4326171875,2963.61279296875,1219.90515136718,-958.911804199218,3078.42333984375
1161.49572753906,-260.975799560546,3074.42163085937,1159.91296386718,-443.114166259765,3033.38818359375,1173.93786621093,-590.628723144531,3015.41650390625,1257.99694824218,-801.351501464843,3027.859375,1260.91955566406,-761.976013183593,2995.11254882812,1307.13415527343,-738.795959472656,2854.7236328125,1291.06604003906,-859.361145019531,2592.33935546875,1149.76940917968,-1044.01049804687,2662.04565429687,1125.46325683593,-1120.65405273437,2722.7958984375,1085.43664550781,-1217.76733398437,2764.68725585937,1077.18322753906,-1107.63623046875,2743.22338867187,1229.13562011718,-770.302856445312,3057.40771484375,1161.19201660156,-786.539978027343,3175.99340820312,975.893432617187,-898.885009765625,3375.68701171875,924.499633789062,-1122.083984375,3286.4619140625,940.497192382812,-1224.38500976562,3318.90014648437,973.357299804687,-1330.49267578125,3314.82836914062,958.427368164062,-1245.47436523437,3269.21240234375,1228.09362792968,-246.506530761718,3007.626953125,1272.54235839843,167.582824707031,3053.34375,1322.26892089843,560.475463867187,3112.39892578125,1215.32019042968,647.384033203125,2972.94262695312,1101.44177246093,-274.023406982421,3134.65356445312,1110.45666503906,136.179809570312,3217.17700195312,1143.36584472656,528.049865722656,3312.41650390625,1007.76208496093,605.480712890625,3222.11303710937,1277.77453613281,-884.500610351562,3025.98974609375,1146.17321777343,-899.801330566406,2922.4150390625,1189.58337402343,-938.662475585937,2916.357421875,1320.02600097656,-938.782409667968,2940.5830078125,1153.34533691406,-940.576965332031,2957.31030273437,1215.79504394531,-959.906188964843,3077.84350585937
1161.21447753906,-259.613220214843,3073.72802734375,1158.42980957031,-441.817596435546,3033.95361328125,1171.54040527343,-589.364196777343,3016.8642578125,1253.98986816406,-800.139465332031,3033.99438476562,1257.83361816406,-761.283264160156,3000.80908203125,1305.15881347656,-739.668151855468,2860.70629882812,1278.81506347656,-873.398498535156,2605.97485351562,1136.25573730468,-1058.63330078125,2670.48559570312,1125.33264160156,-1135.43115234375,2734.65161132812,1102.02209472656,-1235.6943359375,2781.18530273437,1075.71838378906,-1129.19311523437,2755.44848632812,1224.72277832031,-768.552734375,3062.45947265625,1156.00183105468,-781.557250976562,3180.82983398437,978.476684570312,-928.153259277343,3364.26489257812,947.167846679687,-1151.9970703125,3268.30419921875,975.170532226562,-1256.33715820312,3277.14916992187,1004.12097167968,-1361.55737304687,3256.65234375,972.029418945312,-1271.47802734375,3235.94873046875,1227.38391113281,-245.944946289062,3006.48217773437,1272.08605957031,167.716552734375,3051.83471679687,1322.44860839843,560.029724121093,3111.38012695312,1216.18029785156,649.299438476562,2973.18701171875,1101.54675292968,-271.938507080078,3134.36694335937,1112.35632324218,137.822601318359,3216.666015625,1145.86071777343,529.234985351562,3311.7939453125,1011.29260253906,609.778442382812,3223.0517578125,1273.29333496093,-883.329162597656,3033.69921875,1138.75305175781,-898.662963867187,2934.27221679687,1182.78991699218,-936.196899414062,2925.54541015625,1313.81677246093,-933.845153808593,2945.341796875,1148.06994628906,-940.260314941406,2967.56665039062,1214.98913574218,-961.719970703125,3085.14233398437
1159.28869628906,-263.082000732421,3071.98681640625,1157.04797363281,-446.4833984375,3034.76440429687,1171.27990722656,-594.640197753906,3019.49072265625,1251.02502441406,-807.29052734375,3036.55297851562,1255.12316894531,-768.470336914062,3003.08618164062,1300.23547363281,-742.530639648437,2862.4423828125,1273.45373535156,-880.369140625,2608.826171875,1134.96252441406,-1069.00708007812,2675.42578125,1126.38415527343,-1142.02685546875,2744.69702148437,1112.55480957031,-1241.45141601562,2797.35034179687,1066.81750488281,-1134.177734375,2756.59887695312,1222.42419433593,-775.069763183593,3065.30419921875,1157.21423339843,-784.814270019531,3186.48779296875,978.959838867187,-940.4111328125,3363.30053710937,960.982299804687,-1142.54809570312,3223.56787109375,996.207885742187,-1244.44213867187,3237.93798828125,1015.80358886718,-1330.57250976562,3170.02880859375,1018.48620605468,-1264.53466796875,3182.56591796875,1223.50402832031,-249.735595703125,3002.36108398437,1269.75988769531,165.067138671875,3048.9482421875,1321.68859863281,558.422973632812,3109.46728515625,1215.48645019531,645.386840820312,2968.82397460937,1101.38269042968,-275.117034912109,3134.771484375,1112.82629394531,136.36555480957,3215.65991210937,1144.48840332031,530.298156738281,3306.81665039062,1009.55944824218,609.985290527343,3216.607421875,1269.14587402343,-891.044921875,3036.341796875,1135.88537597656,-917.064208984375,2936.44189453125,1183.05065917968,-950.874572753906,2927.49975585937,1313.87561035156,-937.698791503906,2947.42651367187,1148.67419433593,-958.061462402343,2969.62890625,1217.38830566406,-974.572814941406,3087.51489257812
1160.53332519531,-264.589691162109,3072.16552734375,1157.09118652343,-447.022888183593,3036.56127929687,1170.36755371093,-594.372985839843,3022.39599609375,1245.23791503906,-806.73291015625,3044.29150390625,1250.92297363281,-768.702758789062,3010.67407226562,1296.75964355468,-750.193664550781,2870.15209960937,1259.84020996093,-884.9521484375,2618.36059570312,1127.73034667968,-1076.52368164062,2683.63403320312,1131.71252441406,-1145.71044921875,2756.19995117187,1124.46423339843,-1241.13598632812,2815.52661132812,1097.15759277343,-1158.89306640625,2777.88330078125,1216.63635253906,-773.843566894531,3071.63037109375,1148.97253417968,-784.289978027343,3190.341796875,975.746704101562,-955.906188964843,3353.5283203125,977.999633789062,-1151.47265625,3206.38818359375,1032.03649902343,-1241.69018554687,3181.61962890625,1037.02941894531,-1329.6044921875,3114.57275390625,1049.29284667968,-1244.06176757812,3127.931640625,1223.88854980468,-252.179443359375,3002.451171875,1268.67663574218,160.177307128906,3047.001953125,1321.46520996093,550.358825683593,3109.61376953125,1216.74108886718,644.35986328125,2974.31396484375,1103.40295410156,-275.780548095703,3135.02978515625,1113.19177246093,133.177337646484,3214.47827148437,1144.22863769531,524.890014648437,3303.40600585937,1008.33557128906,604.047546386718,3216.650390625,1261.72448730468,-890.231262207031,3045.66577148437,1127.77893066406,-909.118591308593,2946.97509765625,1174.36267089843,-942.178649902343,2935.19116210937,1304.64758300781,-930.788146972656,2953.82055664062,1140.82067871093,-951.959167480468,2976.99487304687,1210.76428222656,-976.221740722656,3091.71069335937
1160.84777832031,-266.079833984375,3071.80200195312,1156.39147949218,-449.523559570312,3037.2138671875,1168.64392089843,-597.7353515625,3024.2548828125,1244.38024902343,-810.778442382812,3046.88305664062,1250.04992675781,-772.643493652343,3013.03857421875,1295.79992675781,-756.407348632812,2871.51098632812,1251.89758300781,-885.291870117187,2616.32836914062,1121.58508300781,-1074.09008789062,2695.73266601562,1120.89318847656,-1148.99389648437,2763.16162109375,1108.56311035156,-1239.97631835937,2829.19775390625,1094.56628417968,-1167.86962890625,2783.75341796875,1215.51232910156,-777.7578125,3074.21264648437,1148.43103027343,-787.825317382812,3193.98413085937,976.814331054687,-974.843811035156,3343.73046875,1001.88513183593,-1145.69287109375,3168.76025390625,1055.92224121093,-1237.462890625,3147.91943359375,1091.05090332031,-1287.85668945312,3055.26806640625,1072.63342285156,-1228.33325195312,3079.98950195312,1225.93859863281,-254.678314208984,3002.94555664062,1268.91638183593,159.973114013671,3045.23950195312,1319.48156738281,552.378662109375,3107.03466796875,1217.60974121093,650.2900390625,2971.08374023437,1102.15222167968,-276.361083984375,3133.892578125,1112.77014160156,134.172210693359,3214.78491210937,1146.59338378906,526.804931640625,3306.68017578125,1009.25183105468,604.967590332031,3219.65576171875,1261.16369628906,-894.597595214843,3048.48950195312,1130.13195800781,-917.019226074218,2945.46240234375,1176.76037597656,-951.525146484375,2937.26684570312,1307.00427246093,-941.020751953125,2960.33032226562,1141.35778808593,-958.503723144531,2978.40771484375,1206.81774902343,-977.499877929687,3097.40283203125
1164.02844238281,-266.485137939453,3074.06860351562,1156.73083496093,-450.332458496093,3041.853515625,1166.53991699218,-598.949096679687,3031.06274414062,1241.61071777343,-812.512023925781,3051.6748046875,1247.62634277343,-773.972412109375,3018.326171875,1294.32751464843,-755.995727539062,2877.26806640625,1250.99035644531,-886.623840332031,2622.767578125,1122.75256347656,-1079.05493164062,2696.900390625,1131.88854980468,-1150.36962890625,2767.57666015625,1133.27136230468,-1245.42822265625,2828.904296875,1099.17053222656,-1168.06640625,2788.271484375,1212.61193847656,-779.740417480468,3079.19750976562,1146.35925292968,-795.591369628906,3198.85668945312,980.659057617187,-1002.83428955078,3327.3232421875,1021.36364746093,-1156.400390625,3139.61791992187,1080.90222167968,-1243.19921875,3113.06518554687,1114.25476074218,-1281.31958007812,3014.06811523437,1096.33093261718,-1219.38159179687,3034.740234375,1230.21228027343,-257.167205810546,3005.89990234375,1270.87683105468,157.867553710937,3048.0966796875,1317.91442871093,551.128234863281,3108.07568359375,1215.09338378906,648.588134765625,2972.42163085937,1104.34777832031,-274.887542724609,3135.53930664062,1112.85754394531,135.792449951171,3216.65380859375,1140.60510253906,529.303466796875,3307.40991210937,1004.78771972656,608.466491699218,3218.78881835937,1258.18249511718,-896.414489746093,3052.39013671875,1121.18957519531,-929.0,2960.32299804687,1169.25598144531,-960.468139648437,2948.76000976562,1299.95495605468,-941.010620117187,2961.27099609375,1137.74865722656,-969.171447753906,2992.67065429687,1213.54748535156,-982.0322265625,3106.28125
1161.93469238281,-265.238342285156,3075.80883789062,1155.53942871093,-448.146789550781,3040.9599609375,1166.48571777343,-596.103881835937,3027.79321289062,1236.98962402343,-810.304504394531,3051.251953125,1244.40612792968,-772.194580078125,3017.89526367187,1296.05773925781,-754.145812988281,2878.99853515625,1253.01599121093,-878.222900390625,2622.0302734375,1129.19128417968,-1076.25903320312,2686.17944335937,1148.60168457031,-1152.85888671875,2748.3701171875,1163.48229980468,-1246.48364257812,2809.57470703125,1109.66784667968,-1167.83618164062,2772.68505859375,1208.08581542968,-776.921142578125,3077.8740234375,1149.81140136718,-793.540771484375,3201.11791992187,994.929077148437,-1025.45629882812,3294.3271484375,1046.30969238281,-1137.73046875,3082.39526367187,1102.93664550781,-1226.7626953125,3058.11083984375,1151.86462402343,-1256.08862304687,2962.98901367187,1131.08044433593,-1203.74340820312,2991.28930664062,1226.42614746093,-254.30908203125,3006.6103515625,1269.19909667968,159.583435058593,3047.1669921875,1318.83117675781,551.618469238281,3106.16723632812,1211.56799316406,654.157287597656,2978.67407226562,1103.77990722656,-275.09375,3138.20825195312,1114.09753417968,134.622848510742,3218.40283203125,1145.47546386718,526.3857421875,3310.86596679687,1008.81457519531,606.537963867187,3225.43627929687,1251.96374511718,-894.2705078125,3052.82788085937,1115.99914550781,-939.897399902343,2965.70092773437,1165.38513183593,-969.424560546875,2955.41748046875,1294.68371582031,-942.430603027343,2964.3408203125,1135.07653808593,-976.819213867187,3000.22631835937,1212.81604003906,-978.133239746093,3112.8134765625
1163.24255371093,-266.57730102539,3077.15747070312,1158.37023925781,-450.8603515625,3045.82666015625,1170.25964355468,-599.550720214843,3035.97241210937,1238.92761230468,-815.715270996093,3054.353515625,1246.62121582031,-776.79638671875,3021.71337890625,1292.45422363281,-754.2685546875,2880.85424804687,1266.71984863281,-869.045593261718,2616.17407226562,1147.95593261718,-1075.40649414062,2665.23266601562,1167.52014160156,-1156.578125,2721.93041992187,1183.51940917968,-1253.24194335937,2778.73413085937,1118.42199707031,-1166.51416015625,2746.80029296875,1210.37170410156,-782.531127929687,3081.94848632812,1147.20739746093,-801.622619628906,3202.966796875,992.264282226562,-1038.44091796875,3286.66577148437,1056.56921386718,-1134.57885742187,3069.353515625,1109.61657714843,-1219.43212890625,3026.9853515625,1146.62634277343,-1235.02807617187,2923.1611328125,1128.76062011718,-1192.84936523437,2964.43115234375,1229.60803222656,-256.759857177734,3009.0927734375,1271.60437011718,158.796203613281,3049.26293945312,1319.17126464843,552.716003417968,3107.33154296875,1211.23986816406,646.879699707031,2973.02270507812,1103.39758300781,-275.430084228515,3138.53442382812,1113.94396972656,135.801666259765,3218.9248046875,1144.84899902343,529.017517089843,3311.84765625,1008.70031738281,610.041809082031,3225.0419921875,1253.10485839843,-900.150451660156,3053.96899414062,1123.96154785156,-955.255859375,2960.95678710937,1176.55895996093,-979.012329101562,2950.42993164062,1302.56945800781,-939.101928710937,2963.97875976562,1146.19934082031,-991.874572753906,2994.20068359375,1221.67395019531,-990.953674316406,3108.9228515625
1163.32946777343,-269.96109008789,3079.12963867187,1159.29992675781,-454.724670410156,3048.5185546875,1171.87170410156,-603.662292480468,3039.19677734375,1240.72863769531,-820.022338867187,3059.51391601562,1249.07263183593,-781.071472167968,3026.92700195312,1297.55603027343,-755.492553710937,2887.19506835937,1270.27478027343,-862.003662109375,2618.6748046875,1148.39880371093,-1067.1875,2667.1923828125,1170.91101074218,-1154.37963867187,2713.16430664062,1175.12976074218,-1263.30126953125,2744.63989257812,1150.39489746093,-1179.42602539062,2735.470703125,1211.43786621093,-786.798217773437,3086.45703125,1148.23522949218,-804.032836914062,3208.01391601562,997.546508789062,-1051.91357421875,3265.07421875,1065.15197753906,-1122.01391601562,3038.50268554687,1123.81042480468,-1203.80224609375,2997.01391601562,1144.33703613281,-1207.82568359375,2887.47265625,1139.26770019531,-1189.32446289062,2942.62548828125,1229.65295410156,-260.08560180664,3010.79248046875,1270.62072753906,156.62156677246,3047.82763671875,1317.55725097656,551.519287109375,3104.71655273437,1211.85900878906,654.150512695312,2974.37915039062,1103.52258300781,-278.866271972656,3140.75219726562,1113.85412597656,133.592681884765,3218.7626953125,1144.68688964843,528.056396484375,3309.56176757812,1007.78503417968,610.214172363281,3224.34692382812,1255.12878417968,-904.575866699218,3059.59252929687,1117.89562988281,-949.105163574218,2972.11840820312,1168.65368652343,-974.694458007812,2957.19189453125,1297.25402832031,-941.187866210937,2964.7744140625,1140.33703613281,-988.393493652343,3002.18359375,1222.65490722656,-996.693664550781,3112.0966796875
1160.22424316406,-271.044860839843,3082.85424804687,1153.64880371093,-453.275360107421,3047.3681640625,1164.94934082031,-600.661987304687,3033.01953125,1238.15954589843,-813.226989746093,3056.73828125,1245.94152832031,-774.797058105468,3024.06640625,1297.17956542968,-756.375122070312,2885.52905273437,1277.98815917968,-856.891296386718,2616.5908203125,1158.12097167968,-1064.6923828125,2644.48095703125,1172.81262207031,-1143.90942382812,2704.16625976562,1184.17492675781,-1240.94482421875,2759.97436523437,1120.00524902343,-1152.240234375,2724.40942382812,1207.94592285156,-780.685180664062,3082.65063476562,1146.17248535156,-803.950805664062,3202.62963867187,1001.74841308593,-1055.68725585937,3244.25341796875,1066.49182128906,-1125.37548828125,3018.94213867187,1118.61633300781,-1197.37866210937,2957.67236328125,1157.77233886718,-1177.42529296875,2856.1845703125,1120.63952636718,-1179.2783203125,2916.09985351562,1221.81188964843,-259.380157470703,3011.54125976562,1267.28234863281,153.184585571289,3050.20776367187,1320.27600097656,543.54248046875,3109.59301757812,1214.09851074218,644.950073242187,2981.15673828125,1104.68811035156,-281.563507080078,3147.16088867187,1112.66467285156,128.599182128906,3218.58544921875,1137.89245605468,522.18359375,3299.36865234375,1003.99792480468,609.441284179687,3217.69799804687,1254.47888183593,-896.6953125,3058.04296875,1118.87927246093,-940.816467285156,2970.50634765625,1168.36950683593,-969.378784179687,2959.02661132812,1297.05310058593,-941.376403808593,2968.06372070312,1138.49621582031,-978.518188476562,3003.61328125,1216.69152832031,-982.621704101562,3115.33471679687
1158.33288574218,-262.130218505859,3080.60400390625,1152.65588378906,-442.493621826171,3046.06494140625,1163.90222167968,-588.365783691406,3033.06005859375,1240.89978027343,-797.113220214843,3055.0849609375,1247.17346191406,-758.986938476562,3022.6044921875,1298.12316894531,-757.805969238281,2884.48974609375,1287.93884277343,-860.575744628906,2619.30224609375,1171.65783691406,-1066.94140625,2650.03149414062,1180.73449707031,-1145.65087890625,2709.66625976562,1185.78430175781,-1235.62182617187,2774.95434570312,1124.51599121093,-1147.96533203125,2728.69506835937,1210.93029785156,-765.502197265625,3081.31616210937,1157.38244628906,-813.260620117187,3196.18188476562,1002.75793457031,-1057.42700195312,3219.78637695312,1066.15026855468,-1110.55786132812,2992.48828125,1127.48010253906,-1179.05493164062,2938.19750976562,1174.07971191406,-1166.85986328125,2839.99609375,1131.91931152343,-1153.6708984375,2890.04858398437,1222.30090332031,-251.1484375,3012.74291992187,1268.86926269531,156.850341796875,3049.38159179687,1325.34069824218,543.2080078125,3102.14331054687,1214.59484863281,646.465698242187,2982.58325195312,1100.64978027343,-272.032958984375,3141.79711914062,1109.47595214843,132.256484985351,3219.77490234375,1133.08020019531,520.163330078125,3306.37524414062,1006.22473144531,608.514526367187,3219.14282226562,1258.68298339843,-879.330200195312,3056.06958007812,1127.13903808593,-924.076416015625,2966.18823242187,1175.95690917968,-953.55615234375,2957.79907226562,1303.28283691406,-927.653198242187,2970.50854492187,1144.62438964843,-960.375,3001.05297851562,1217.68591308593,-961.403381347656,3114.48583984375
1158.65100097656,-260.230712890625,3081.60815429687,1151.72644042968,-440.23257446289,3046.27197265625,1162.09118652343,-585.986450195312,3032.66796875,1242.48864746093,-792.914184570312,3057.5517578125,1248.47009277343,-755.010498046875,3024.82495117187,1300.79602050781,-757.318542480468,2887.37744140625,1289.95812988281,-857.432312011718,2621.46704101562,1173.04675292968,-1064.67700195312,2639.75048828125,1183.32141113281,-1140.57055664062,2702.60986328125,1189.36340332031,-1224.01245117187,2775.83666992187,1120.36560058593,-1139.724609375,2718.265625,1211.65979003906,-761.641784667968,3083.09790039062,1156.30749511718,-813.991455078125,3194.92822265625,1002.40783691406,-1058.98852539062,3210.0234375,1070.59118652343,-1106.47705078125,2983.087890625,1125.39929199218,-1172.52978515625,2919.73266601562,1157.13195800781,-1157.63720703125,2816.2236328125,1137.29309082031,-1142.20947265625,2872.13232421875,1222.46594238281,-249.354400634765,3013.69921875,1269.23254394531,158.269348144531,3050.21606445312,1325.99694824218,544.252075195312,3102.8427734375,1216.81286621093,647.251403808593,2981.90307617187,1101.10656738281,-270.038391113281,3142.84497070312,1111.41027832031,133.553009033203,3222.34619140625,1135.63879394531,520.9130859375,3309.62353515625,1008.57556152343,608.859130859375,3222.599609375,1261.72009277343,-874.711486816406,3059.517578125,1138.24865722656,-924.37939453125,2961.41162109375,1187.54528808593,-954.025695800781,2958.6259765625,1313.26013183593,-927.043701171875,2980.58959960937,1152.73327636718,-958.785217285156,2999.36352539062,1215.99743652343,-953.8427734375,3118.3076171875
1157.39538574218,-259.65737915039,3084.56640625,1155.21472167968,-441.054809570312,3050.70141601562,1169.68469238281,-587.346923828125,3038.22802734375,1250.32727050781,-795.740844726562,3060.65356445312,1256.77209472656,-757.048278808593,3028.529296875,1309.37561035156,-763.181091308593,2890.46704101562,1292.37121582031,-857.471740722656,2621.1513671875,1177.16101074218,-1066.720703125,2643.55053710937,1191.87194824218,-1141.9951171875,2707.1015625,1203.74401855468,-1234.57739257812,2768.58813476562,1135.75329589843,-1147.24536132812,2726.6826171875,1218.94763183593,-764.786560058593,3086.4541015625,1158.53332519531,-822.822570800781,3193.63403320312,997.382690429687,-1065.4228515625,3190.96069335937,1071.22741699218,-1101.49365234375,2962.32861328125,1132.50915527343,-1170.16528320312,2907.27490234375,1152.11975097656,-1152.46923828125,2800.6328125,1143.57360839843,-1140.1025390625,2852.01977539062,1220.51037597656,-247.528442382812,3015.53369140625,1268.92883300781,162.115982055664,3052.06030273437,1327.54406738281,549.986083984375,3104.48193359375,1211.45373535156,641.265930175781,2979.00854492187,1100.48181152343,-270.594543457031,3146.81616210937,1110.25793457031,135.438812255859,3225.29809570312,1136.27111816406,524.868347167968,3312.52026367187,1006.62561035156,605.56884765625,3220.49951171875,1269.70202636718,-877.983581542968,3061.42944335937,1143.12341308593,-916.098449707031,2960.66430664062,1191.47302246093,-947.502868652343,2955.34716796875,1318.94641113281,-926.838134765625,2978.1416015625,1156.57214355468,-953.809204101562,2996.17749023437,1221.05871582031,-959.672546386718,3115.2373046875
1157.32727050781,-259.819580078125,3084.67626953125,1155.02917480468,-441.209594726562,3050.80151367187,1169.38854980468,-587.507873535156,3038.3115234375,1249.72790527343,-796.0009765625,3060.85400390625,1256.25061035156,-757.326110839843,3028.72534179687,1309.01843261718,-763.682983398437,2890.73974609375,1292.45349121093,-858.681457519531,2621.65234375,1176.72863769531,-1067.48974609375,2645.40991210937,1190.30090332031,-1141.17309570312,2711.04150390625,1200.84240722656,-1230.46997070312,2777.43041992187,1133.29284667968,-1144.23046875,2731.2060546875,1218.37023925781,-764.998107910156,3086.62060546875,1157.60266113281,-822.654724121093,3193.80200195312,994.580688476562,-1063.99560546875,3191.2958984375,1068.94592285156,-1101.52270507812,2963.07299804687,1129.43762207031,-1171.43481445312,2908.71606445312,1149.50354003906,-1154.07885742187,2802.10522460937,1141.26013183593,-1140.96215820312,2852.73315429687,1220.46301269531,-247.730407714843,3015.658203125,1269.52453613281,161.799682617187,3052.501953125,1328.72521972656,549.51513671875,3105.34106445312,1213.92321777343,641.486145019531,2979.19506835937,1100.39514160156,-270.720947265625,3146.91284179687,1110.69738769531,135.259216308593,3225.5537109375,1137.73303222656,524.498840332031,3313.26904296875,1008.20520019531,605.87109375,3221.68359375,1268.98937988281,-878.268005371093,3061.66552734375,1143.44982910156,-920.282592773437,2961.15795898437,1192.35925292968,-950.916015625,2956.52172851562,1319.36853027343,-927.635314941406,2979.36791992187,1157.43420410156,-957.150512695312,2997.3408203125,1221.60095214843,-959.885437011718,3116.68286132812
1157.15686035156,-259.8369140625,3086.13989257812,1154.77355957031,-441.310729980468,3051.07739257812,1169.02380371093,-587.777954101562,3037.59765625,1247.91296386718,-797.664611816406,3055.5693359375,1254.87023925781,-758.220764160156,3024.34716796875,1314.99035644531,-766.141357421875,2889.21728515625,1306.71008300781,-853.020385742187,2616.525390625,1186.18493652343,-1059.4013671875,2641.6005859375,1196.60949707031,-1136.93530273437,2703.5166015625,1202.13220214843,-1215.2392578125,2783.34033203125,1133.23254394531,-1134.64208984375,2720.8720703125,1216.60339355468,-767.007446289062,3081.96801757812,1158.01574707031,-826.168518066406,3189.82690429687,987.824584960937,-1063.00390625,3182.5751953125,1059.66418457031,-1096.03979492187,2952.42944335937,1116.69543457031,-1165.74536132812,2893.87768554687,1142.57409667968,-1147.15625,2788.54760742187,1139.79821777343,-1137.65600585937,2847.68359375,1220.41784667968,-247.328094482421,3017.09838867187,1268.53479003906,163.137054443359,3052.45483398437,1327.37902832031,551.804321289062,3103.578125,1210.55529785156,642.493530273437,2977.86840820312,1100.11145019531,-271.116668701171,3148.39770507812,1110.91540527343,135.876647949218,3225.31762695312,1138.63391113281,526.375915527343,3310.19311523437,1009.96740722656,610.646362304687,3219.44384765625,1266.62023925781,-880.200012207031,3054.5107421875,1140.91345214843,-943.443969726562,2965.53442382812,1192.62829589843,-969.141052246093,2960.20629882812,1317.60729980468,-930.865356445312,2973.14526367187,1160.80993652343,-975.542663574218,3003.57788085937,1231.40612792968,-961.538208007812,3118.67895507812
1156.95739746093,-259.922607421875,3084.20166015625,1157.88488769531,-440.927368164062,3049.35229492187,1174.37805175781,-586.79833984375,3036.47705078125,1249.52502441406,-797.223571777343,3056.27661132812,1257.59216308593,-758.087951660156,3025.16333007812,1316.71520996093,-767.681762695312,2890.15283203125,1306.93835449218,-852.455261230468,2617.68237304687,1186.07800292968,-1057.69116210937,2644.10986328125,1195.22448730468,-1137.18188476562,2703.23779296875,1204.64245605468,-1217.70288085937,2779.99658203125,1147.29309082031,-1129.51000976562,2736.14379882812,1218.32922363281,-766.105407714843,3081.98583984375,1159.56994628906,-827.02001953125,3188.2861328125,981.722290039062,-1056.99096679687,3177.34350585937,1059.65881347656,-1097.06469726562,2951.0458984375,1122.50793457031,-1167.384765625,2900.24560546875,1145.17248535156,-1148.83618164062,2794.48754882812,1136.73132324218,-1136.3330078125,2843.57299804687,1221.76037597656,-246.674072265625,3017.11450195312,1267.35900878906,162.808670043945,3053.66870117187,1324.65002441406,550.075988769531,3108.50903320312,1212.83728027343,642.535461425781,2980.38720703125,1098.52160644531,-271.869384765625,3144.69677734375,1108.27185058593,133.971496582031,3221.6484375,1137.66516113281,522.56640625,3309.40234375,1010.00695800781,609.497802734375,3220.73901367187,1266.93591308593,-879.806701660156,3055.75073242187,1145.07092285156,-935.720825195312,2957.83569335937,1195.90905761718,-963.133361816406,2954.92016601562,1320.81188964843,-930.06689453125,2976.42333984375,1161.36926269531,-969.447143554687,2995.97290039062,1225.03698730468,-961.187072753906,3115.15356445312
1156.95251464843,-260.020355224609,3084.34912109375,1157.81652832031,-441.069061279296,3049.50390625,1174.24719238281,-586.980224609375,3036.61865234375,1249.24548339843,-797.513488769531,3056.4130859375,1257.33508300781,-758.378173828125,3025.28637695312,1316.43469238281,-768.060485839843,2890.23486328125,1306.55627441406,-852.992492675781,2617.7490234375,1185.43151855468,-1058.09375,2644.50561523437,1194.28430175781,-1137.18237304687,2704.25219726562,1203.74060058593,-1216.35180664062,2782.43579101562,1146.02893066406,-1128.70922851562,2737.12231445312,1218.07751464843,-766.3603515625,3082.13720703125,1159.33020019531,-827.215759277343,3188.517578125,981.371459960937,-1057.20483398437,3178.01513671875,1058.49450683593,-1097.26293945312,2951.376953125,1120.85656738281,-1167.62670898437,2899.98876953125,1142.75427246093,-1148.54736328125,2794.13793945312,1134.39587402343,-1136.16650390625,2842.9208984375,1221.77062988281,-246.795288085937,3017.24194335937,1267.62756347656,162.759826660156,3053.73120117187,1325.06286621093,550.123474121093,3108.390625,1213.74157714843,642.880187988281,2979.98901367187,1098.50305175781,-271.94595336914,3144.86279296875,1108.47180175781,133.95896911621,3221.955078125,1138.17004394531,522.588439941406,3309.8681640625,1010.31457519531,609.922485351562,3221.80493164062,1266.59240722656,-880.129821777343,3055.88793945312,1144.26989746093,-937.361694335937,2959.24951171875,1195.13928222656,-964.750305175781,2956.39526367187,1320.13635253906,-931.270324707031,2976.865234375,1160.81140136718,-970.621826171875,2997.70703125,1225.09582519531,-960.871520996093,3116.47875976562
1161.17053222656,-261.059844970703,3088.60400390625,1157.85363769531,-442.03775024414,3050.47119140625,1171.20129394531,-588.487182617187,3034.85180664062,1247.24011230468,-799.3720703125,3055.322265625,1255.27795410156,-760.137817382812,3024.03491210937,1319.67590332031,-764.555908203125,2890.607421875,1309.03503417968,-853.3681640625,2618.39892578125,1188.37121582031,-1059.08520507812,2649.28442382812,1193.45080566406,-1140.53735351562,2706.80126953125,1198.27575683593,-1215.23486328125,2790.16381835937,1141.99792480468,-1139.35302734375,2731.39184570312,1215.78039550781,-768.190185546875,3080.99047851562,1159.45959472656,-825.831359863281,3190.98559570312,985.597290039062,-1060.08422851562,3179.51635742187,1036.54821777343,-1114.0625,2947.57470703125,1111.55285644531,-1180.74658203125,2909.04907226562,1132.28527832031,-1150.18969726562,2805.29956054687,1130.65588378906,-1133.91088867187,2841.87231445312,1225.67492675781,-247.942901611328,3020.74072265625,1269.86291503906,163.256454467773,3056.27783203125,1323.77600097656,552.974243164062,3107.10424804687,1213.94274902343,639.414794921875,2972.21362304687,1103.00402832031,-272.887969970703,3149.79956054687,1111.48107910156,134.65493774414,3225.73754882812,1138.98962402343,524.992614746093,3312.78881835937,1005.73425292968,604.224914550781,3223.88354492187,1264.97644042968,-882.191345214843,3055.0048828125,1129.27038574218,-935.598022460937,2974.4375,1179.30432128906,-962.588195800781,2962.765625,1306.40417480468,-929.256408691406,2966.27514648437,1151.32653808593,-970.698181152343,3008.4853515625,1232.65319824218,-966.312194824218,3117.21459960937
1161.37219238281,-261.80288696289,3088.14624023437,1160.10949707031,-443.88687133789,3053.5029296875,1174.63244628906,-590.824829101562,3041.00512695312,1246.10559082031,-804.336669921875,3054.50463867187,1254.87097167968,-764.264892578125,3024.32739257812,1323.05969238281,-766.33251953125,2892.40209960937,1311.78161621093,-852.876037597656,2618.8828125,1190.22546386718,-1058.58251953125,2650.11987304687,1199.27307128906,-1141.18994140625,2705.82299804687,1204.53332519531,-1219.23315429687,2786.34985351562,1143.78356933593,-1142.57055664062,2729.34130859375,1215.45349121093,-773.197570800781,3081.3798828125,1160.62561035156,-827.600036621093,3194.08642578125,978.196899414062,-1056.28637695312,3193.41552734375,1031.40539550781,-1120.36694335937,2964.04956054687,1093.71862792968,-1193.3837890625,2915.1728515625,1131.53381347656,-1154.10498046875,2819.23706054687,1118.63732910156,-1136.22778320312,2854.03540039062,1227.62097167968,-249.58984375,3021.54028320312,1270.55554199218,162.615936279296,3056.74267578125,1323.94274902343,553.230102539062,3107.49389648437,1211.18005371093,645.436767578125,2978.3984375,1101.63269042968,-272.815948486328,3148.20776367187,1112.36901855468,135.164367675781,3226.05883789062,1142.84729003906,525.524719238281,3315.70825195312,1013.47595214843,611.030029296875,3226.154296875,1261.97912597656,-887.654113769531,3051.5166015625,1130.80700683593,-952.979370117187,2971.52905273437,1182.68542480468,-977.335998535156,2961.67700195312,1307.67395019531,-935.959655761718,2965.31567382812,1154.50549316406,-985.19189453125,3007.44653320312,1233.89123535156,-971.007507324218,3117.11254882812
1159.94079589843,-263.349884033203,3087.99462890625,1159.71520996093,-445.694122314453,3054.18432617187,1175.19714355468,-592.661499023437,3042.26879882812,1246.40393066406,-806.498596191406,3053.88647460937,1254.88757324218,-766.282043457031,3023.77587890625,1320.13122558593,-766.70751953125,2890.26684570312,1309.76477050781,-853.690551757812,2616.69189453125,1186.77453613281,-1058.73510742187,2647.646484375,1191.90905761718,-1142.52026367187,2702.17138671875,1193.05334472656,-1238.21337890625,2760.974609375,1134.72033691406,-1153.775390625,2708.19067382812,1216.13781738281,-775.405517578125,3081.298828125,1158.48449707031,-828.330505371093,3193.384765625,975.192016601562,-1056.25122070312,3204.54565429687,1033.31872558593,-1122.25805664062,2976.78833007812,1087.63098144531,-1203.01904296875,2930.49072265625,1122.50598144531,-1167.603515625,2831.90673828125,1110.02209472656,-1153.05493164062,2863.88916015625,1225.68176269531,-250.980407714843,3020.84545898437,1270.63610839843,161.127731323242,3057.24291992187,1326.29602050781,551.413452148437,3109.69555664062,1214.24792480468,646.720947265625,2982.08325195312,1100.65930175781,-274.504028320312,3148.54614257812,1109.87976074218,134.309692382812,3223.32958984375,1139.41516113281,525.717956542968,3309.61254882812,1006.25256347656,607.169250488281,3221.66235351562,1262.06579589843,-889.878356933593,3050.30859375,1140.54333496093,-957.795532226562,2958.00146484375,1194.07238769531,-979.691955566406,2951.63940429687,1316.53723144531,-933.392456054687,2966.619140625,1162.69396972656,-990.222229003906,2994.74755859375,1232.46472167968,-976.502685546875,3110.90771484375
1162.71496582031,-261.090576171875,3089.55615234375,1158.91442871093,-442.937561035156,3054.38989257812,1171.76281738281,-589.880126953125,3041.08129882812,1246.94738769531,-801.644287109375,3059.15258789062,1254.99328613281,-762.109802246093,3028.1240234375,1319.20349121093,-767.976379394531,2894.41796875,1310.83264160156,-852.974182128906,2620.4716796875,1186.73791503906,-1057.68017578125,2646.93725585937,1194.31994628906,-1138.21801757812,2705.70922851562,1196.20568847656,-1219.60424804687,2782.92456054687,1130.97570800781,-1135.94873046875,2722.85229492187,1215.77575683593,-770.490173339843,3085.3515625,1152.50671386718,-826.5087890625,3192.62426757812,975.787719726562,-1058.6650390625,3211.60229492187,1021.15808105468,-1120.03930664062,2979.96264648437,1074.00573730468,-1209.228515625,2950.9228515625,1124.22180175781,-1186.45532226562,2855.40771484375,1101.57556152343,-1157.2646484375,2874.10205078125,1227.38171386718,-249.264739990234,3021.41577148437,1269.94519042968,162.826354980468,3055.76342773437,1323.22521972656,553.483093261718,3104.5927734375,1210.01525878906,647.695495605468,2977.51000976562,1104.40197753906,-271.754455566406,3151.00146484375,1111.60510253906,136.846374511718,3224.705078125,1135.83239746093,529.138488769531,3306.52099609375,1004.84436035156,612.556884765625,3217.54345703125,1264.27526855468,-884.670043945312,3057.96215820312,1130.31359863281,-934.885131835937,2972.087890625,1180.79650878906,-961.094299316406,2960.14575195312,1307.79895019531,-927.326293945312,2967.8212890625,1151.91198730468,-971.517578125,3004.91772460937,1231.13684082031,-971.93603515625,3115.52197265625
1160.14929199218,-262.213714599609,3087.2822265625,1156.65148925781,-444.265075683593,3052.05004882812,1169.62023925781,-591.380004882812,3038.91870117187,1245.84484863281,-803.073364257812,3056.60522460937,1253.53674316406,-763.478088378906,3025.47119140625,1318.45861816406,-769.973327636718,2891.95385742187,1318.24963378906,-851.861999511718,2616.59985351562,1188.12731933593,-1052.59130859375,2646.76733398437,1197.09875488281,-1132.04809570312,2706.98754882812,1201.97595214843,-1222.45849609375,2773.46923828125,1151.46520996093,-1145.43505859375,2724.01025390625,1214.69030761718,-771.995544433593,3083.02612304687,1155.89782714843,-829.971862792968,3191.98681640625,973.933715820312,-1057.04956054687,3223.64892578125,1028.61267089843,-1129.74658203125,2997.06396484375,1077.54772949218,-1221.8583984375,2969.9052734375,1107.99328613281,-1219.08618164062,2863.81103515625,1093.82409667968,-1200.62060546875,2898.55859375,1225.67224121093,-250.415100097656,3019.810546875,1270.53625488281,161.78254699707,3055.55322265625,1326.12341308593,552.150695800781,3107.62719726562,1216.77209472656,644.468872070312,2975.54077148437,1101.06433105468,-272.85302734375,3148.1240234375,1111.94152832031,135.50405883789,3225.26538085937,1140.04235839843,527.102172851562,3311.2646484375,1007.79870605468,609.593383789062,3222.87866210937,1263.51208496093,-886.123413085937,3055.33569335937,1135.35314941406,-939.442626953125,2962.40405273437,1187.20275878906,-963.984191894531,2952.66064453125,1312.71423339843,-926.408874511718,2966.89331054687,1156.48449707031,-975.825439453125,2995.90747070312,1230.30920410156,-975.13330078125,3110.3662109375
1160.85778808593,-262.519836425781,3085.92651367187,1158.25939941406,-444.670928955078,3051.46875,1171.96936035156,-591.709838867187,3038.81079101562,1246.59020996093,-803.8876953125,3056.5615234375,1254.53332519531,-764.391479492187,3025.39306640625,1321.67858886718,-766.437866210937,2892.89208984375,1318.08166503906,-845.159240722656,2616.73999023437,1193.52917480468,-1049.98046875,2641.84130859375,1202.62487792968,-1132.58325195312,2697.58715820312,1207.81848144531,-1227.25708007812,2757.74609375,1167.81286621093,-1156.18237304687,2709.06762695312,1215.72106933593,-772.563049316406,3082.99267578125,1159.56677246093,-826.258911132812,3195.42529296875,975.750122070312,-1049.3623046875,3240.7724609375,1012.43933105468,-1139.54418945312,3016.9501953125,1060.46960449218,-1233.47338867187,2995.05517578125,1096.93762207031,-1241.39453125,2891.18139648437,1093.19616699218,-1198.90893554687,2914.1845703125,1225.92028808593,-250.6123046875,3018.07470703125,1269.47448730468,161.528198242187,3054.46020507812,1323.88293457031,551.934997558593,3106.46752929687,1215.38464355468,644.277648925781,2973.79272460937,1102.18835449218,-273.257446289062,3147.11181640625,1110.23840332031,135.234924316406,3223.12231445312,1135.93176269531,527.001220703125,3308.47485351562,1005.50988769531,611.482666015625,3219.3876953125,1263.62097167968,-887.042175292968,3055.337890625,1123.16613769531,-929.967468261718,2975.8701171875,1172.04357910156,-957.149597167968,2959.88623046875,1300.36853027343,-927.365295410156,2961.09619140625,1145.54943847656,-968.5087890625,3005.9423828125,1231.24475097656,-975.595703125,3111.51171875
1161.06945800781,-260.105041503906,3085.47680664062,1156.86950683593,-441.379150390625,3051.2138671875,1169.08850097656,-587.872924804687,3038.8203125,1244.36389160156,-798.716064453125,3056.31103515625,1251.72570800781,-759.491882324218,3025.04541015625,1317.96252441406,-763.621643066406,2892.9150390625,1319.64758300781,-845.051696777343,2618.93383789062,1191.37170410156,-1047.50390625,2629.44921875,1204.39636230468,-1129.0498046875,2685.13256835937,1212.32751464843,-1212.73315429687,2758.79077148437,1159.65930175781,-1146.99780273437,2699.76928710937,1213.86291503906,-767.553100585937,3082.89526367187,1163.09802246093,-825.754638671875,3194.87109375,979.640014648437,-1043.50634765625,3256.0849609375,1009.35168457031,-1147.18774414062,3038.40185546875,1052.14025878906,-1244.66723632812,3025.4619140625,1076.42883300781,-1254.21557617187,2918.74975585937,1085.29260253906,-1219.97436523437,2939.40966796875,1226.60925292968,-248.978607177734,3018.57690429687,1269.36657714843,161.519500732421,3052.13842773437,1322.87463378906,550.338806152343,3102.75170898437,1214.56774902343,645.044494628906,2972.95239257812,1101.96911621093,-270.138244628906,3145.8037109375,1111.70837402343,136.53466796875,3220.74780273437,1137.86340332031,526.37451171875,3305.94311523437,1005.30993652343,608.155395507812,3219.19506835937,1261.60510253906,-881.42236328125,3055.1806640625,1123.83239746093,-920.065490722656,2970.62255859375,1171.81311035156,-949.880920410156,2957.94946289062,1300.62292480468,-926.254455566406,2964.54565429687,1142.76745605468,-958.440795898437,3002.755859375,1222.50646972656,-966.087341308593,3112.06640625
1157.51037597656,-257.192321777343,3080.98193359375,1156.68249511718,-438.64566040039,3047.21240234375,1171.78283691406,-584.93701171875,3035.23779296875,1248.42346191406,-795.323120117187,3052.9169921875,1255.38928222656,-756.134155273437,3021.4990234375,1320.47497558593,-767.479614257812,2889.18408203125,1322.19592285156,-836.6318359375,2611.787109375,1197.07189941406,-1040.36987304687,2632.07055664062,1204.79821777343,-1132.09912109375,2670.15307617187,1206.62585449218,-1230.04809570312,2723.998046875,1160.55285644531,-1147.60375976562,2696.90551757812,1217.86877441406,-764.262451171875,3079.57983398437,1167.14733886718,-825.395690917968,3190.0380859375,976.307983398437,-1027.50537109375,3277.14721679687,984.996704101562,-1168.21655273437,3079.23706054687,1041.21447753906,-1259.41870117187,3074.02392578125,1062.87902832031,-1274.26977539062,2967.32885742187,1063.61462402343,-1224.65551757812,2970.70654296875,1222.54089355468,-244.976348876953,3013.74731445312,1269.05578613281,164.825622558593,3051.62768554687,1325.13098144531,552.964050292968,3105.255859375,1217.24108886718,649.19482421875,2976.17065429687,1098.86950683593,-268.208038330078,3141.6103515625,1110.06359863281,137.882781982421,3219.91796875,1139.11706542968,526.652221679687,3309.359375,1009.69030761718,610.999755859375,3220.30004882812,1266.15637207031,-877.945495605468,3051.92309570312,1123.38342285156,-903.940490722656,2970.82690429687,1168.64465332031,-936.777160644531,2955.78344726562,1299.01184082031,-922.774291992187,2958.84838867187,1140.41467285156,-944.54150390625,3001.26489257812,1222.67175292968,-961.226623535156,3107.70190429687
1160.00036621093,-257.550109863281,3085.07983398437,1157.34704589843,-438.053405761718,3047.92456054687,1171.12341308593,-583.979919433593,3032.89086914062,1247.73278808593,-794.06640625,3050.18334960937,1254.35314941406,-755.013793945312,3018.63818359375,1317.98010253906,-760.316528320312,2885.47265625,1322.06188964843,-837.285217285156,2610.59155273437,1199.82165527343,-1042.75073242187,2626.50634765625,1206.57702636718,-1134.29370117187,2664.8486328125,1207.01208496093,-1234.08764648437,2714.86743164062,1164.65002441406,-1156.52783203125,2673.05004882812,1217.54431152343,-762.967834472656,3077.07836914062,1166.50476074218,-818.740844726562,3189.96044921875,981.574584960937,-1021.02862548828,3287.39721679687,989.898559570312,-1174.19213867187,3099.390625,1036.28454589843,-1270.291015625,3090.123046875,1054.88537597656,-1278.36450195312,2982.28979492187,1064.07287597656,-1221.0380859375,2982.28002929687,1223.98205566406,-244.515045166015,3017.18530273437,1270.75061035156,164.76919555664,3053.85961914062,1326.22082519531,552.754577636718,3104.99072265625,1221.18542480468,647.934875488281,2973.21704101562,1102.30505371093,-269.304382324218,3146.30322265625,1112.10339355468,136.669494628906,3222.24462890625,1138.40368652343,525.789306640625,3308.39672851562,1009.01037597656,608.522705078125,3218.29174804687,1265.38171386718,-876.583129882812,3049.18994140625,1123.05651855468,-905.848937988281,2968.91259765625,1168.91174316406,-937.62548828125,2953.71020507812,1298.75573730468,-920.699584960937,2956.13989257812,1141.11877441406,-945.962646484375,2999.26733398437,1224.11364746093,-960.642639160156,3105.1787109375
1159.63049316406,-258.373321533203,3084.46264648437,1157.19445800781,-439.02407836914,3048.80029296875,1170.91223144531,-584.958312988281,3035.04443359375,1249.14660644531,-794.200134277343,3052.87426757812,1255.62902832031,-755.131469726562,3021.38818359375,1318.62683105468,-757.396240234375,2887.97338867187,1323.89343261718,-840.084167480468,2615.02709960937,1197.75280761718,-1043.30297851562,2625.38061523437,1204.73693847656,-1136.01049804687,2660.53564453125,1204.72985839843,-1231.14282226562,2718.759765625,1158.84436035156,-1154.79736328125,2667.42211914062,1218.54406738281,-763.382141113281,3079.54272460937,1161.98156738281,-815.180725097656,3191.546875,982.258178710937,-1012.10821533203,3307.26879882812,984.345581054687,-1170.3916015625,3123.64184570312,1026.76013183593,-1268.64404296875,3122.70703125,1042.44055175781,-1293.95532226562,3017.19580078125,1061.09680175781,-1232.76025390625,3013.20483398437,1224.22961425781,-245.955871582031,3017.14819335937,1269.63977050781,163.137451171875,3053.77709960937,1323.66833496093,550.973449707031,3105.0419921875,1216.82751464843,646.299133300781,2975.0732421875,1101.37854003906,-269.570678710937,3145.1630859375,1110.98596191406,136.269104003906,3219.96655273437,1137.45129394531,525.174499511718,3305.49340820312,1007.78723144531,608.76513671875,3216.873046875,1267.49523925781,-876.493713378906,3052.0185546875,1132.18933105468,-894.259399414062,2957.74072265625,1176.83752441406,-929.188720703125,2946.58349609375,1306.58093261718,-922.026672363281,2962.02978515625,1144.15344238281,-935.869018554687,2989.00610351562,1214.87268066406,-957.716430664062,3102.19580078125
1158.25085449218,-258.190734863281,3082.87524414062,1154.89953613281,-439.060882568359,3047.1552734375,1168.09777832031,-585.229553222656,3033.32006835937,1244.78674316406,-795.612548828125,3047.80493164062,1251.28942871093,-756.167846679687,3016.6875,1317.38342285156,-756.703918457031,2884.54541015625,1322.26525878906,-837.809387207031,2610.728515625,1197.85583496093,-1042.29272460937,2623.97094726562,1207.03674316406,-1134.88647460937,2659.28881835937,1211.03356933593,-1233.38671875,2711.771484375,1150.51306152343,-1142.94189453125,2680.02661132812,1214.69494628906,-764.820617675781,3075.2021484375,1160.78015136718,-814.749206542968,3189.55200195312,978.942260742187,-1002.59967041015,3317.3828125,965.933471679687,-1175.84057617187,3147.82763671875,1020.01867675781,-1268.3505859375,3147.60034179687,1036.50207519531,-1310.65087890625,3047.65234375,1037.79528808593,-1258.02856445312,3052.52514648437,1222.43200683593,-245.966705322265,3014.9560546875,1269.30871582031,163.395263671875,3052.8134765625,1325.80651855468,551.188110351562,3105.697265625,1218.01281738281,647.413940429687,2976.80688476562,1100.37585449218,-269.213714599609,3144.12084960937,1110.59997558593,137.006713867187,3219.75073242187,1138.28332519531,526.261901855468,3305.73413085937,1006.38195800781,610.5205078125,3220.65185546875,1262.43029785156,-878.151794433593,3045.75512695312,1124.93786621093,-900.390197753906,2955.28515625,1169.89611816406,-934.962219238281,2943.87280273437,1300.02526855468,-925.441101074218,2955.8671875,1138.34533691406,-941.054138183593,2987.3193359375,1212.28845214843,-958.952575683593,3099.34741210937
1158.99279785156,-256.112060546875,3082.94482421875,1156.23132324218,-437.049102783203,3048.12768554687,1169.60803222656,-583.195434570312,3035.25561523437,1246.68664550781,-793.184020996093,3051.12915039062,1253.24694824218,-753.897827148437,3019.8759765625,1317.59997558593,-758.594604492187,2887.06323242187,1322.85461425781,-839.709350585937,2613.44482421875,1196.97082519531,-1043.22705078125,2624.73583984375,1207.91247558593,-1133.47900390625,2665.07861328125,1214.97644042968,-1224.50341796875,2729.27807617187,1151.27697753906,-1140.04125976562,2684.41333007812,1216.40026855468,-762.355041503906,3078.2080078125,1163.09289550781,-815.0791015625,3191.48046875,981.991821289062,-996.803649902343,3328.46484375,963.026245117187,-1179.58227539062,3170.072265625,1009.42932128906,-1275.59741210937,3179.90600585937,1008.90930175781,-1313.87719726562,3077.0966796875,1028.36389160156,-1272.49536132812,3076.64624023437,1224.29138183593,-244.249450683593,3016.11840820312,1267.84167480468,165.339523315429,3052.60229492187,1321.90246582031,553.266662597656,3105.17358398437,1210.81091308593,647.0615234375,2977.4814453125,1100.11022949218,-266.809051513671,3143.205078125,1112.31677246093,138.491775512695,3221.978515625,1139.29260253906,527.234497070312,3309.31884765625,1007.35314941406,608.669067382812,3221.81713867187,1264.53015136718,-875.63623046875,3049.56616210937,1129.40783691406,-894.491943359375,2955.04125976562,1173.82751464843,-930.086791992187,2944.92333984375,1303.64538574218,-923.675598144531,2960.81420898437,1140.87414550781,-935.471984863281,2987.3681640625,1210.93786621093,-955.231872558593,3101.4541015625
1160.45764160156,-259.726623535156,3085.15771484375,1158.12048339843,-440.935150146484,3048.88134765625,1171.93151855468,-587.349975585937,3034.63061523437,1245.43713378906,-799.3271484375,3050.34301757812,1252.49108886718,-760.112854003906,3018.86645507812,1318.74816894531,-764.911560058593,2886.51098632812,1321.81896972656,-845.088928222656,2611.70922851562,1191.05358886718,-1046.56689453125,2617.92041015625,1204.05773925781,-1130.1669921875,2670.76782226562,1214.50866699218,-1214.29809570312,2743.86328125,1167.74255371093,-1150.85571289062,2687.24633789062,1215.86486816406,-767.797546386718,3077.68603515625,1164.39318847656,-813.293823242187,3195.3359375,981.366088867187,-989.054626464843,3339.18774414062,957.877075195312,-1173.20825195312,3181.904296875,994.526977539062,-1273.31494140625,3195.01196289062,1015.65930175781,-1322.787109375,3099.03198242187,1021.09753417968,-1278.28051757812,3107.68139648437,1225.25573730468,-247.03970336914,3017.60888671875,1270.88659667968,163.515319824218,3054.48364257812,1325.66711425781,552.754272460937,3105.32934570312,1216.63269042968,646.982971191406,2975.34130859375,1102.02624511718,-271.1669921875,3146.06958007812,1110.59118652343,136.331405639648,3220.2255859375,1138.70324707031,526.490600585937,3306.25537109375,1006.09777832031,610.934387207031,3221.59228515625,1261.77966308593,-882.342895507812,3048.79541015625,1124.79260253906,-902.564758300781,2956.4033203125,1170.19299316406,-936.485473632812,2944.14086914062,1300.45739746093,-926.409912109375,2957.4404296875,1138.30505371093,-944.281188964843,2987.22265625,1211.74645996093,-965.452026367187,3099.38793945312
1159.58654785156,-259.896057128906,3083.5244140625,1157.46545410156,-441.209259033203,3047.46142578125,1171.79748535156,-587.666137695312,3033.68139648437,1246.76989746093,-799.119323730468,3050.50073242187,1253.40173339843,-760.074584960937,3018.69750976562,1318.57019042968,-764.074462890625,2885.72436523437,1318.52673339843,-842.529541015625,2610.31469726562,1192.72473144531,-1047.12841796875,2619.32543945312,1199.15270996093,-1133.05200195312,2669.65454101562,1201.50524902343,-1225.3330078125,2733.03295898437,1146.56579589843,-1139.134765625,2688.6279296875,1217.13635253906,-767.574340820312,3077.7900390625,1166.70886230468,-810.708679199218,3196.82348632812,984.471069335937,-979.507751464843,3349.90551757812,954.762817382812,-1168.24438476562,3199.12182617187,987.815551757812,-1268.03784179687,3221.31274414062,988.780395507812,-1219.40869140625,3122.58032226562,1007.82385253906,-1282.978515625,3143.8779296875,1224.31213378906,-247.196228027343,3015.86694335937,1269.09973144531,163.555023193359,3053.0625,1325.04895019531,552.330017089843,3107.0634765625,1216.35168457031,644.410461425781,2975.17602539062,1101.22033691406,-271.348052978515,3144.5341796875,1109.81774902343,136.000671386718,3220.22338867187,1137.84240722656,525.847290039062,3308.26416015625,1007.84606933593,608.985168457031,3218.30883789062,1263.64123535156,-882.064331054687,3049.45336914062,1128.42907714843,-902.173095703125,2954.36767578125,1173.53918457031,-937.102783203125,2943.91430664062,1303.65881347656,-928.828491210937,2959.99560546875,1140.54479980468,-943.404174804687,2986.42504882812,1211.07751464843,-963.210083007812,3100.7373046875
1159.86047363281,-259.921112060546,3084.17749023437,1157.12072753906,-441.190216064453,3048.56396484375,1170.84118652343,-587.624755859375,3034.97412109375,1248.62097167968,-797.932861328125,3051.40625,1255.01745605468,-758.643737792968,3019.91088867187,1314.25378417968,-761.667846679687,2884.27294921875,1320.88488769531,-844.985290527343,2610.57373046875,1189.44567871093,-1045.84375,2619.005859375,1192.53771972656,-1128.9287109375,2674.06372070312,1189.59802246093,-1217.60327148437,2742.2529296875,1129.05041503906,-1130.14819335937,2680.69750976562,1218.27282714843,-766.99169921875,3078.53735351562,1165.03137207031,-807.344970703125,3197.21704101562,995.108764648437,-977.98681640625,3361.63403320312,941.204956054687,-1163.26538085937,3213.55419921875,980.700317382812,-1257.81005859375,3245.64477539062,988.185668945312,-1298.75830078125,3143.8359375,969.229125976562,-1286.49487304687,3188.1318359375,1224.43444824218,-247.58023071289,3016.39599609375,1268.65100097656,163.131530761718,3051.5947265625,1323.46276855468,552.162841796875,3102.92333984375,1216.73718261718,640.758666992187,2967.28076171875,1101.63146972656,-271.049438476562,3145.29931640625,1110.83190917968,136.091491699218,3220.53295898437,1138.85998535156,525.826293945312,3307.85815429687,1008.34460449218,608.701599121093,3218.64990234375,1266.68395996093,-880.5654296875,3050.0810546875,1134.05139160156,-897.9775390625,2951.1015625,1178.10046386718,-934.766723632812,2942.9736328125,1307.76379394531,-930.907470703125,2963.16967773437,1143.55456542968,-938.806091308593,2984.46923828125,1209.50573730468,-958.391723632812,3101.41772460937
1159.86389160156,-259.917938232421,3084.18408203125,1157.12707519531,-441.190155029296,3048.5732421875,1170.85314941406,-587.626647949218,3034.98828125,1248.64807128906,-797.931640625,3051.43188476562,1255.04064941406,-758.643798828125,3019.93310546875,1314.26989746093,-761.675537109375,2884.2900390625,1320.88073730468,-845.020629882812,2610.59423828125,1189.45495605468,-1045.88989257812,2619.07177734375,1192.55090332031,-1128.97485351562,2674.1318359375,1189.62756347656,-1217.68896484375,2742.2724609375,1129.09631347656,-1130.21142578125,2680.81762695312,1218.29895019531,-766.990051269531,3078.56274414062,1165.07360839843,-807.33203125,3197.25561523437,995.204956054687,-977.962585449218,3361.7470703125,941.268676757812,-1163.29418945312,3213.740234375,980.708129882812,-1257.83471679687,3245.91650390625,988.593383789062,-1300.0546875,3144.65771484375,969.264282226562,-1286.572265625,3188.453125,1224.43762207031,-247.576873779296,3016.40063476562,1268.63513183593,163.142349243164,3051.60424804687,1323.44592285156,552.176147460937,3102.95678710937,1216.65490722656,640.825744628906,2967.39697265625,1101.63488769531,-271.046447753906,3145.30737304687,1110.82238769531,136.101806640625,3220.53466796875,1138.83679199218,525.845886230468,3307.84814453125,1008.28552246093,608.719543457031,3218.685546875,1266.71618652343,-880.564147949218,3050.111328125,1134.11169433593,-897.97314453125,2951.09008789062,1178.17102050781,-934.751281738281,2942.96215820312,1307.82971191406,-930.871826171875,2963.19409179687,1143.61462402343,-938.810607910156,2984.44799804687,1209.53942871093,-958.419067382812,3101.40966796875
1159.95471191406,-259.042175292968,3084.18041992187,1158.69812011718,-440.916809082031,3049.91577148437,1173.63244628906,-587.569091796875,3037.16455078125,1249.66223144531,-799.058898925781,3051.92944335937,1255.29748535156,-759.96728515625,3019.90405273437,1312.78308105468,-762.751159667968,2883.22827148437,1318.64709472656,-845.10546875,2608.69653320312,1187.92834472656,-1046.24584960937,2627.3779296875,1187.88659667968,-1128.96923828125,2683.37573242187,1181.99108886718,-1234.27807617187,2721.33251953125,1154.75280761718,-1146.98754882812,2704.2041015625,1220.70568847656,-767.543090820312,3080.07006835937,1165.67761230468,-806.850463867187,3198.5595703125,987.209594726562,-946.238525390625,3383.06860351562,934.832885742187,-1143.849609375,3250.49633789062,958.229858398437,-1245.88623046875,3275.19311523437,987.089721679687,-1352.09375,3269.970703125,956.057495117187,-1262.79760742187,3219.92114257812,1223.91784667968,-246.567199707031,3015.6181640625,1268.27136230468,164.755538940429,3052.05249023437,1322.46838378906,554.514038085937,3103.87719726562,1214.33361816406,647.287109375,2971.70190429687,1102.27624511718,-270.291381835937,3146.005859375,1108.82067871093,138.236999511718,3217.92041015625,1133.74182128906,529.831420898437,3300.98315429687,1002.47399902343,616.110534667968,3215.5595703125,1266.72302246093,-882.052368164062,3050.42749023437,1138.12292480468,-894.882141113281,2945.13745117187,1182.24572753906,-931.881591796875,2937.66479492187,1311.16857910156,-929.9765625,2963.56787109375,1145.84265136718,-936.959533691406,2977.55126953125,1206.61682128906,-961.103942871093,3096.70703125
1160.14221191406,-260.029357910156,3083.36376953125,1158.60168457031,-441.895263671875,3049.13427734375,1173.25793457031,-588.564575195312,3036.37573242187,1248.81726074218,-800.186157226562,3051.42749023437,1254.61242675781,-761.122985839843,3019.4013671875,1313.01403808593,-763.592712402343,2883.11962890625,1318.81115722656,-843.256286621093,2607.81420898437,1186.30334472656,-1043.39965820312,2624.24853515625,1180.86853027343,-1123.27294921875,2683.9833984375,1169.28918457031,-1230.81396484375,2713.38623046875,1135.04113769531,-1135.05615234375,2692.27954101562,1219.85437011718,-768.601623535156,3079.47802734375,1165.24328613281,-807.391174316406,3198.31958007812,991.014526367187,-944.106628417968,3388.75244140625,920.573364257812,-1152.47875976562,3283.96875,939.774047851562,-1253.32763671875,3316.03198242187,964.438354492187,-1360.05224609375,3304.19848632812,954.132690429687,-1276.62377929687,3244.357421875,1224.14489746093,-247.671813964843,3014.82641601562,1268.00109863281,163.750350952148,3050.40112304687,1322.16931152343,553.536193847656,3101.83837890625,1215.39294433593,644.577697753906,2967.39379882812,1102.42810058593,-271.172698974609,3145.16723632812,1110.10144042968,137.069564819335,3218.41650390625,1136.10144042968,528.357360839843,3302.45288085937,1000.96789550781,610.524108886718,3219.05346679687,1265.71252441406,-883.208740234375,3050.00561523437,1136.65905761718,-894.445983886718,2945.10668945312,1180.73352050781,-931.340270996093,2936.89624023437,1309.76013183593,-929.852661132812,2962.26025390625,1144.50549316406,-936.996887207031,2976.85888671875,1205.78625488281,-962.914001464843,3095.37036132812
1159.69616699218,-258.107635498046,3081.9501953125,1158.10095214843,-439.789764404296,3047.69677734375,1172.95861816406,-586.316101074218,3035.15893554687,1249.35998535156,-797.272583007812,3051.9921875,1254.94519042968,-758.510375976562,3019.64135742187,1313.71105957031,-761.19140625,2883.67358398437,1320.04162597656,-843.784851074218,2609.529296875,1191.07409667968,-1045.642578125,2629.4482421875,1194.36096191406,-1124.681640625,2690.28076171875,1193.11901855468,-1228.42163085937,2732.42749023437,1143.40832519531,-1131.60205078125,2706.28100585937,1220.32556152343,-765.590942382812,3079.76928710937,1166.52062988281,-800.490783691406,3200.02758789062,992.861206054687,-922.105773925781,3400.53125,915.121948242187,-1133.412109375,3308.04296875,931.056518554687,-1226.2822265625,3359.68090820312,959.306518554687,-1331.39672851562,3343.29833984375,911.075805664062,-1252.14184570312,3300.42724609375,1223.66491699218,-245.764434814453,3013.50219726562,1268.01501464843,165.021133422851,3051.1591796875,1323.66174316406,553.724914550781,3106.17578125,1216.43127441406,648.085998535156,2974.6806640625,1102.01306152343,-269.238037109375,3143.6728515625,1109.59582519531,138.353942871093,3218.3095703125,1135.46691894531,529.000732421875,3303.54296875,1002.44421386718,614.046203613281,3219.99951171875,1266.58898925781,-880.153625488281,3051.29296875,1132.23425292968,-891.30126953125,2953.53637695312,1175.75964355468,-928.160095214843,2942.96655273437,1305.83483886718,-926.703430175781,2961.37329101562,1141.75329589843,-933.832397460937,2984.76708984375,1209.22033691406,-959.80517578125,3099.70458984375
1158.32409667968,-258.091827392578,3080.7685546875,1156.48229980468,-439.688568115234,3046.52563476562,1171.20153808593,-586.168029785156,3034.06396484375,1247.11584472656,-797.10400390625,3051.9658203125,1252.83605957031,-758.51416015625,3019.46875,1312.68078613281,-761.633728027343,2884.05517578125,1319.70153808593,-845.293762207031,2610.38623046875,1189.89147949218,-1046.66259765625,2628.37890625,1193.88928222656,-1125.74780273437,2689.03466796875,1194.80187988281,-1229.447265625,2731.1552734375,1148.55627441406,-1139.80908203125,2702.4794921875,1218.10607910156,-765.256469726562,3079.53540039062,1164.84460449218,-798.091552734375,3200.544921875,994.282104492187,-912.26025390625,3407.78076171875,906.679321289062,-1123.95043945312,3325.88208007812,919.856811523437,-1211.19873046875,3387.1103515625,939.402221679687,-1318.474609375,3401.75268554687,894.738891601562,-1241.53686523437,3323.80688476562,1222.30603027343,-245.843963623046,3012.37475585937,1267.41931152343,164.687255859375,3049.83203125,1324.12219238281,553.0390625,3104.96411132812,1216.16564941406,647.803039550781,2974.4853515625,1100.62854003906,-269.13623046875,3142.44213867187,1110.06066894531,137.898071289062,3218.85131835937,1136.83020019531,527.927856445312,3305.76635742187,1007.07727050781,608.82373046875,3213.57836914062,1264.17297363281,-879.984008789062,3051.66577148437,1131.56701660156,-886.391235351562,2951.2587890625,1173.95910644531,-924.733154296875,2941.53735351562,1303.54992675781,-927.8388671875,2962.55126953125,1138.95568847656,-929.217529296875,2982.62133789062,1203.11218261718,-957.551696777343,3098.81713867187
1158.93444824218,-256.959930419921,3082.63696289062,1156.22521972656,-437.899475097656,3047.23999023437,1169.80700683593,-584.059020996093,3033.72241210937,1247.20300292968,-793.964111328125,3051.017578125,1252.61926269531,-755.325256347656,3018.7060546875,1312.73400878906,-758.833251953125,2883.78735351562,1320.39465332031,-841.720458984375,2610.57592773437,1191.39221191406,-1043.61645507812,2618.3154296875,1207.03967285156,-1118.21508789062,2682.30688476562,1219.77575683593,-1209.48657226562,2745.38940429687,1166.40783691406,-1136.13647460937,2700.353515625,1217.99743652343,-762.496459960937,3078.60278320312,1158.31555175781,-795.827270507812,3196.08349609375,996.938842773437,-891.66455078125,3418.48388671875,891.471313476562,-1099.18408203125,3349.6376953125,905.569458007812,-1190.54150390625,3403.83984375,897.581176757812,-1291.63134765625,3361.80395507812,906.807739257812,-1238.04711914062,3340.89672851562,1223.50256347656,-244.713226318359,3015.09326171875,1268.53479003906,164.95767211914,3051.7109375,1323.21838378906,553.286865234375,3102.44580078125,1214.67028808593,646.83447265625,2972.23095703125,1100.71032714843,-268.003326416015,3143.54418945312,1111.36364746093,137.896759033203,3220.76000976562,1138.65661621093,527.011474609375,3307.45385742187,1006.63464355468,609.031677246093,3220.40405273437,1264.87438964843,-876.518920898437,3050.48999023437,1132.91052246093,-883.387573242187,2949.89038085937,1174.90026855468,-922.1728515625,2940.99536132812,1304.08215332031,-926.075256347656,2962.53662109375,1139.77600097656,-925.658569335937,2981.91186523437,1203.07580566406,-952.578918457031,3098.55541992187
1158.93103027343,-256.959991455078,3082.64086914062,1156.22033691406,-437.900451660156,3047.24682617187,1169.80163574218,-584.060546875,3033.73168945312,1247.19616699218,-793.96630859375,3051.03173828125,1252.61145019531,-755.328674316406,3018.71850585937,1312.71984863281,-758.841186523437,2883.79663085937,1320.35559082031,-841.725280761718,2610.5830078125,1191.35095214843,-1043.62036132812,2618.32153320312,1206.98767089843,-1118.23999023437,2682.29125976562,1219.71057128906,-1209.5595703125,2745.30688476562,1166.30432128906,-1136.12158203125,2700.3466796875,1217.99157714843,-762.497314453125,3078.61694335937,1158.31677246093,-795.819396972656,3196.10400390625,996.958374023437,-891.632934570312,3418.52880859375,891.476196289062,-1099.1591796875,3349.72412109375,905.569213867187,-1190.50024414062,3403.95629882812,897.573120117187,-1291.59204101562,3361.92578125,906.827026367187,-1238.02685546875,3341.05688476562,1223.49865722656,-244.714691162109,3015.09619140625,1268.53039550781,164.957778930664,3051.70654296875,1323.21423339843,553.28857421875,3102.43505859375,1214.65930175781,646.826904296875,2972.21923828125,1100.70715332031,-268.002136230468,3143.54858398437,1111.36291503906,137.90037536621,3220.755859375,1138.65466308593,527.018310546875,3307.439453125,1006.63610839843,609.039855957031,3220.38427734375,1264.86657714843,-876.521484375,3050.50659179687,1132.87658691406,-883.407653808593,2949.94165039062,1174.86926269531,-922.187438964843,2941.03540039062,1304.05749511718,-926.073059082031,2962.54272460937,1139.75598144531,-925.677673339843,2981.96118164062,1203.09045410156,-952.589538574218,3098.58862304687
1158.62097167968,-256.90200805664,3082.77758789062,1155.87634277343,-437.805847167968,3047.55297851562,1169.48303222656,-583.925048828125,3034.21362304687,1246.81774902343,-793.73095703125,3051.91625976562,1252.19787597656,-755.188049316406,3019.51342773437,1312.19860839843,-759.004211425781,2884.61157226562,1319.78259277343,-842.014892578125,2611.544921875,1190.57824707031,-1043.70776367187,2618.44580078125,1203.99060058593,-1119.96044921875,2680.92065429687,1214.12072753906,-1213.26831054687,2741.36889648437,1155.55725097656,-1131.36987304687,2699.72314453125,1217.66931152343,-762.198547363281,3079.45336914062,1158.34533691406,-794.904418945312,3197.23315429687,997.895141601562,-888.875915527343,3420.95678710937,891.515991210937,-1096.65844726562,3354.66723632812,905.642700195312,-1187.51684570312,3409.6181640625,896.840698242187,-1287.984375,3366.37524414062,907.699340820312,-1235.78271484375,3347.06494140625,1223.13952636718,-244.72671508789,3015.2216796875,1267.74597167968,164.86083984375,3051.58081054687,1322.58215332031,552.976501464843,3102.65576171875,1211.96276855468,647.029235839843,2974.67236328125,1100.44177246093,-267.880981445312,3143.69555664062,1110.97985839843,138.020141601562,3220.10864257812,1138.36242675781,527.096923828125,3306.2685546875,1007.29870605468,609.292053222656,3218.076171875,1264.45983886718,-876.261413574218,3051.5693359375,1130.20178222656,-882.51513671875,2954.11401367187,1172.08288574218,-921.033630371093,2943.798828125,1301.70788574218,-924.697082519531,2962.2001953125,1137.97131347656,-925.090881347656,2985.48608398437,1204.10803222656,-953.036743164062,3100.24169921875
1160.15930175781,-255.984619140625,3083.58666992187,1157.09973144531,-436.559295654296,3048.02416992187,1170.55480957031,-582.448364257812,3034.25366210937,1246.83801269531,-792.0478515625,3054.83081054687,1252.56335449218,-753.956420898437,3022.06420898437,1315.12512207031,-760.494506835937,2888.66040039062,1321.23156738281,-839.057189941406,2614.65185546875,1190.19055175781,-1039.16381835937,2607.62060546875,1188.11755371093,-1123.2529296875,2660.48876953125,1184.03845214843,-1229.8388671875,2692.91577148437,1125.94421386718,-1120.40356445312,2671.25366210937,1217.68615722656,-760.128784179687,3081.78344726562,1159.43469238281,-789.979553222656,3200.63647460937,995.707397460937,-875.29052734375,3424.93627929687,883.443237304687,-1080.90747070312,3362.95849609375,904.281860351562,-1182.81298828125,3387.93701171875,893.650756835937,-1290.07763671875,3368.20385742187,918.435668945312,-1213.9375,3346.21362304687,1224.01525878906,-243.678527832031,3015.6064453125,1267.70666503906,165.359146118164,3052.80102539062,1321.97131347656,552.850402832031,3105.01684570312,1212.88317871093,645.769104003906,2975.30493164062,1102.57800292968,-267.081573486328,3144.8876953125,1112.01330566406,138.281356811523,3221.23559570312,1137.75402832031,527.117431640625,3306.44213867187,1005.68151855468,608.560791015625,3219.56079101562,1264.12927246093,-874.53173828125,3055.54638671875,1127.94494628906,-884.670043945312,2961.53955078125,1170.25988769531,-922.456665039062,2950.744140625,1300.15124511718,-923.369812011718,2966.07373046875,1137.27282714843,-926.604675292968,2993.22387695312,1206.53845214843,-951.689575195312,3106.56665039062
1160.19567871093,-255.938018798828,3083.52587890625,1157.15905761718,-436.48583984375,3047.95629882812,1170.62756347656,-582.352111816406,3034.17407226562,1246.94006347656,-791.915100097656,3054.6787109375,1252.65344238281,-753.818481445312,3021.92651367187,1315.08996582031,-760.395263671875,2888.48828125,1320.57189941406,-838.867858886718,2614.48168945312,1189.27233886718,-1038.77124023437,2607.60961914062,1185.45471191406,-1122.60327148437,2660.76196289062,1179.43542480468,-1228.9814453125,2693.515625,1122.58410644531,-1117.78759765625,2671.10278320312,1217.79016113281,-760.013366699218,3081.64038085937,1159.54431152343,-789.985168457031,3200.44458007812,995.854370117187,-875.8251953125,3424.517578125,884.056518554687,-1081.42919921875,3361.78881835937,905.780395507812,-1183.48193359375,3385.30590820312,895.901977539062,-1290.55297851562,3364.2568359375,919.284057617187,-1214.30029296875,3341.52612304687,1224.03869628906,-243.620635986328,3015.55346679687,1267.46350097656,165.40542602539,3052.5546875,1321.43249511718,552.923522949218,3104.46508789062,1212.10607910156,645.864501953125,2975.00927734375,1102.62561035156,-267.045135498046,3144.81958007812,1112.10827636718,138.247406005859,3221.22802734375,1138.04479980468,526.972290039062,3306.62451171875,1006.33508300781,608.730773925781,3219.5390625,1264.24328613281,-874.384765625,3055.36791992187,1128.60510253906,-884.333251953125,2960.59521484375,1170.94445800781,-922.139953613281,2950.009765625,1300.72814941406,-923.170959472656,2966.07275390625,1137.71813964843,-926.295837402343,2992.29223632812,1206.31018066406,-951.527587890625,3105.98974609375
1157.52502441406,-257.183563232421,3083.56909179687,1155.21765136718,-437.977600097656,3049.85620117187,1169.58654785156,-583.818115234375,3037.83349609375,1247.25573730468,-792.460205078125,3060.9013671875,1252.68151855468,-754.769897460937,3027.68359375,1312.67736816406,-761.582214355468,2893.24609375,1317.36584472656,-841.844482421875,2619.93481445312,1186.31335449218,-1041.83325195312,2617.89916992187,1173.64660644531,-1122.99731445312,2673.63818359375,1144.34631347656,-1223.59741210937,2711.45922851562,1132.14660644531,-1123.8408203125,2696.32446289062,1217.94030761718,-760.432678222656,3087.46948242187,1159.47937011718,-792.369812011718,3205.55419921875,987.555541992187,-875.452453613281,3424.1923828125,891.299926757812,-1091.20043945312,3371.1005859375,916.701293945312,-1194.9150390625,3366.29321289062,930.925170898437,-1299.4169921875,3336.85888671875,932.799194335937,-1211.15625,3320.77758789062,1221.20349121093,-245.294067382812,3015.44995117187,1263.15270996093,163.955093383789,3048.5126953125,1317.31457519531,551.341796875,3099.26049804687,1209.49987792968,648.307434082031,2971.68798828125,1100.10363769531,-267.904846191406,3144.9951171875,1112.37268066406,137.038787841796,3221.42456054687,1142.07629394531,525.002685546875,3307.85034179687,1009.71374511718,610.27490234375,3225.48510742187,1265.09460449218,-874.745178222656,3062.61840820312,1138.10290527343,-889.251342773437,2957.2333984375,1182.37634277343,-925.591979980468,2950.23706054687,1310.30310058593,-922.260559082031,2976.77905273437,1146.00280761718,-930.852355957031,2989.666015625,1205.89050292968,-953.73291015625,3108.55688476562
1157.48864746093,-252.15737915039,3081.65502929687,1153.55212402343,-431.648986816406,3047.75561523437,1166.14929199218,-576.63134765625,3035.24389648437,1239.99621582031,-785.344543457031,3055.74780273437,1245.96984863281,-747.620300292968,3023.17651367187,1307.91467285156,-754.4912109375,2890.70629882812,1310.18957519531,-844.41845703125,2622.37841796875,1182.71105957031,-1044.560546875,2632.96997070312,1164.23840332031,-1129.65234375,2679.26220703125,1127.08825683593,-1230.3984375,2706.01416015625,1123.25769042968,-1133.95532226562,2695.67358398437,1211.39660644531,-753.372131347656,3082.51806640625,1158.01354980468,-783.791625976562,3202.36791992187,989.054077148437,-878.958557128906,3415.78515625,893.459838867187,-1082.32006835937,3329.97631835937,914.606811523437,-1183.49340820312,3354.28686523437,916.366577148437,-1273.84765625,3293.75463867187,930.942993164062,-1212.029296875,3299.8544921875,1221.06262207031,-240.812713623046,3014.20483398437,1264.88244628906,165.238632202148,3050.146484375,1320.47448730468,549.405029296875,3103.52978515625,1215.54919433593,639.444946289062,2970.517578125,1100.16149902343,-262.38735961914,3142.47802734375,1110.69909667968,139.694885253906,3219.59448242187,1136.72570800781,525.391723632812,3305.21923828125,1006.47448730468,608.782531738281,3220.13671875,1256.41101074218,-867.371276855468,3056.51049804687,1118.40441894531,-848.930725097656,2968.78784179687,1155.98156738281,-888.141418457031,2950.45068359375,1284.49279785156,-904.115234375,2959.6748046875,1124.16003417968,-895.796325683593,2992.82739257812,1193.02941894531,-945.169067382812,3096.86328125
1159.00744628906,-254.491577148437,3084.97192382812,1155.63952636718,-434.95083618164,3051.39599609375,1168.78063964843,-580.626647949218,3039.27124023437,1245.70129394531,-789.389953613281,3059.60327148437,1251.45642089843,-751.259948730468,3027.09130859375,1311.89831542968,-755.097595214843,2893.03295898437,1311.43420410156,-853.314514160156,2626.1650390625,1178.79870605468,-1050.83471679687,2645.09130859375,1169.81896972656,-1138.40600585937,2690.58154296875,1132.78894042968,-1236.75756835937,2726.90673828125,1145.44470214843,-1152.1123046875,2717.05419921875,1216.29382324218,-757.782958984375,3086.39379882812,1158.09606933593,-789.019775390625,3204.51025390625,982.024536132812,-881.781066894531,3415.10009765625,904.290405273437,-1095.82885742187,3334.12622070312,926.243774414062,-1199.59497070312,3345.69091796875,923.715209960937,-1289.65698242187,3283.82153320312,943.063842773437,-1221.9873046875,3285.9228515625,1222.95739746093,-243.08740234375,3017.26342773437,1265.89880371093,165.201354980468,3051.4541015625,1321.81677246093,551.239562988281,3104.87768554687,1211.73864746093,646.090881347656,2978.1884765625,1101.34094238281,-264.775238037109,3146.02734375,1111.66833496093,139.615142822265,3221.58740234375,1137.32409667968,527.629028320312,3305.68090820312,1006.46716308593,611.205688476562,3219.94458007812,1263.32751464843,-871.578735351562,3060.15502929687,1132.75842285156,-882.056945800781,2959.236328125,1175.72302246093,-919.421630859375,2950.55151367187,1304.27868652343,-919.596313476562,2972.72265625,1140.63879394531,-923.986450195312,2991.08471679687,1203.76330566406,-949.158874511718,3107.53100585937
1158.98767089843,-255.707366943359,3084.86083984375,1155.59802246093,-436.293426513671,3051.1884765625,1168.73327636718,-582.079956054687,3039.0068359375,1245.76770019531,-790.987121582031,3059.34033203125,1251.55456542968,-752.8076171875,3026.83129882812,1311.98498535156,-756.763122558593,2892.64575195312,1310.54553222656,-855.661437988281,2625.79736328125,1177.79211425781,-1053.04956054687,2647.42260742187,1168.88879394531,-1139.67431640625,2694.86645507812,1131.92126464843,-1237.22094726562,2733.6103515625,1144.89245605468,-1152.84594726562,2721.962890625,1216.29089355468,-759.381408691406,3086.130859375,1157.51525878906,-791.216247558593,3203.92163085937,979.912475585937,-886.344055175781,3412.47021484375,904.763549804687,-1100.13696289062,3327.90087890625,928.689331054687,-1203.79125976562,3337.0771484375,926.545043945312,-1290.134765625,3269.96411132812,944.311889648437,-1220.85913085937,3261.4775390625,1223.01184082031,-244.278991699218,3017.12573242187,1266.45202636718,164.244720458984,3051.73657226562,1322.83410644531,550.442993164062,3105.76733398437,1214.13439941406,644.640869140625,2977.1865234375,1101.25451660156,-266.01284790039,3145.94116210937,1111.81408691406,138.575744628906,3222.14868164062,1138.62023925781,526.530456542968,3307.60913085937,1008.20275878906,609.944946289062,3220.76684570312,1263.43811035156,-873.233337402343,3059.87036132812,1135.40930175781,-893.604431152343,2957.01708984375,1179.63684082031,-930.155334472656,2951.48315429687,1307.71691894531,-925.182189941406,2976.28881835937,1143.77136230468,-933.337768554687,2991.51733398437,1205.01477050781,-949.645141601562,3110.63818359375
1160.39001464843,-258.27944946289,3085.99584960937,1157.27136230468,-439.591064453125,3052.82885742187,1171.03552246093,-585.8427734375,3040.96752929687,1248.55090332031,-794.9619140625,3065.18896484375,1254.16540527343,-757.317565917968,3031.77465820312,1312.22546386718,-761.703491210937,2896.02172851562,1309.29992675781,-860.791198730468,2628.23706054687,1192.38879394531,-1064.23095703125,2677.03173828125,1180.03723144531,-1146.57690429687,2731.49951171875,1166.23303222656,-1234.50048828125,2798.91748046875,1152.37976074218,-1161.2275390625,2753.09326171875,1219.09875488281,-762.727416992187,3091.57885742187,1154.72375488281,-788.739318847656,3208.3916015625,976.123901367187,-891.920532226562,3413.58837890625,911.796997070312,-1108.28979492187,3324.44482421875,938.172973632812,-1212.04516601562,3320.37060546875,936.408325195312,-1298.46484375,3252.7470703125,954.095336914062,-1221.72021484375,3246.43090820312,1223.50378417968,-246.743591308593,3016.998046875,1266.61169433593,163.210968017578,3051.61938476562,1322.98986816406,550.94189453125,3104.322265625,1212.99621582031,645.156860351562,2975.88110351562,1103.47790527343,-268.681854248046,3148.21411132812,1113.81018066406,137.318145751953,3224.4296875,1140.31091308593,526.851318359375,3309.03833007812,1007.64831542968,608.349304199218,3222.55810546875,1266.32946777343,-877.448608398437,3067.29272460937,1135.92590332031,-902.595275878906,2967.6337890625,1180.56677246093,-938.983337402343,2962.33178710937,1309.51745605468,-931.874206542968,2984.25,1145.48278808593,-941.205017089843,3003.35424804687,1209.64172363281,-952.972351074218,3121.98828125
1160.39758300781,-258.406555175781,3086.71142578125,1156.86047363281,-439.758209228515,3053.6640625,1170.11486816406,-586.075439453125,3041.77661132812,1246.21057128906,-795.716430664062,3066.2744140625,1252.16662597656,-758.112670898437,3032.86303710937,1309.78015136718,-764.926147460937,2896.99780273437,1305.16027832031,-871.810791015625,2632.2099609375,1182.94104003906,-1071.58447265625,2683.25634765625,1187.68688964843,-1151.54272460937,2742.3076171875,1185.71667480468,-1242.36767578125,2807.24340820312,1164.61022949218,-1172.65087890625,2762.94775390625,1216.88830566406,-763.280212402343,3092.5751953125,1151.88073730468,-790.923889160156,3208.68286132812,971.269409179687,-903.604919433593,3407.06640625,924.816528320312,-1113.46533203125,3294.29541015625,953.029663085937,-1216.76513671875,3298.01684570312,961.254272460937,-1276.85229492187,3206.53149414062,975.161254882812,-1230.275390625,3234.08081054687,1223.63244628906,-247.077423095703,3017.77270507812,1266.89172363281,162.867065429687,3053.00439453125,1323.20812988281,550.593505859375,3106.2158203125,1214.31433105468,645.449829101562,2977.27001953125,1103.37585449218,-268.622528076171,3148.87622070312,1114.13806152343,137.422210693359,3225.1044921875,1141.28479003906,526.876220703125,3310.13305664062,1008.83288574218,605.64453125,3220.7978515625,1263.44909667968,-878.327819824218,3068.44921875,1135.06042480468,-908.435607910156,2967.5205078125,1181.39440917968,-942.648071289062,2962.17333984375,1309.73034667968,-929.775512695312,2985.15502929687,1146.15539550781,-946.952392578125,3002.90625,1209.95251464843,-957.017028808593,3121.9130859375
1161.21716308593,-258.91226196289,3088.29736328125,1157.75305175781,-440.557647705078,3055.43432617187,1171.28430175781,-587.087585449218,3043.95971679687,1248.99670410156,-796.229125976562,3070.41381835937,1254.82360839843,-758.778991699218,3036.70239257812,1312.44323730468,-766.647094726562,2900.67504882812,1306.32897949218,-876.169067382812,2636.57055664062,1187.01013183593,-1076.51538085937,2693.45556640625,1199.00866699218,-1155.6455078125,2752.82495117187,1202.28674316406,-1253.60522460937,2806.65185546875,1172.28625488281,-1177.57470703125,2772.35864257812,1219.26110839843,-763.781860351562,3096.3720703125,1154.54235839843,-793.315673828125,3212.3955078125,974.042358398437,-909.228698730468,3409.6044921875,931.673461914062,-1114.22021484375,3286.06127929687,964.654663085937,-1216.19458007812,3291.1455078125,973.363647460937,-1284.45849609375,3205.44116210937,972.384155273437,-1225.181640625,3209.20825195312,1224.68493652343,-247.65478515625,3019.38305664062,1267.25036621093,163.070571899414,3053.04443359375,1321.70251464843,551.95361328125,3103.75756835937,1211.06677246093,643.231994628906,2973.31884765625,1103.98522949218,-269.06362915039,3150.44018554687,1115.96545410156,137.548110961914,3226.56030273437,1142.99694824218,527.738891601562,3310.8388671875,1014.58264160156,610.237731933593,3218.53344726562,1266.88977050781,-878.798950195312,3073.29125976562,1136.32751464843,-895.044799804687,2971.5927734375,1179.46057128906,-933.222045898437,2965.49438476562,1308.56750488281,-932.466064453125,2988.78125,1143.84851074218,-935.217163085937,3006.18017578125,1206.33361816406,-953.589660644531,3125.10302734375
1160.99304199218,-259.976684570312,3088.58422851562,1157.55456542968,-441.88037109375,3055.7236328125,1171.26794433593,-588.610961914062,3044.42431640625,1249.70544433593,-797.695617675781,3071.791015625,1255.57287597656,-760.252014160156,3037.97436523437,1314.31506347656,-768.947082519531,2902.25708007812,1312.81506347656,-884.216796875,2640.1142578125,1195.31164550781,-1084.943359375,2700.7080078125,1209.76525878906,-1162.54150390625,2761.75854492187,1216.17004394531,-1259.76586914062,2816.93969726562,1178.25329589843,-1180.3369140625,2784.55541992187,1219.68395996093,-765.2509765625,3097.560546875,1154.30773925781,-795.801147460937,3213.17041015625,975.083129882812,-917.585266113281,3408.58740234375,938.961303710937,-1121.93505859375,3281.39453125,976.251342773437,-1222.689453125,3282.80883789062,986.413696289062,-1288.90185546875,3195.47705078125,985.271362304687,-1231.33935546875,3205.71337890625,1224.60266113281,-248.721282958984,3019.623046875,1268.16345214843,162.396301269531,3054.20751953125,1324.22863769531,551.3203125,3107.04638671875,1214.35021972656,644.629943847656,2977.009765625,1103.63342285156,-270.126159667968,3150.76953125,1114.58483886718,137.158905029296,3226.53271484375,1141.10876464843,528.019653320312,3310.47387695312,1009.22619628906,610.929931640625,3223.08569335937,1267.90539550781,-880.306762695312,3074.955078125,1138.90954589843,-901.410827636718,2971.78637695312,1182.55407714843,-939.39208984375,2967.66552734375,1311.45007324218,-936.524963378906,2992.88940429687,1146.29016113281,-940.3359375,3007.91015625,1207.19128417968,-953.964111328125,3128.49365234375
1161.20397949218,-259.138000488281,3088.11889648437,1157.68811035156,-440.989715576171,3054.95190429687,1170.72180175781,-587.755126953125,3043.255859375,1245.39123535156,-796.851623535156,3079.63842773437,1252.70031738281,-760.638977050781,3044.7763671875,1315.87194824218,-777.694152832031,2911.86596679687,1323.03210449218,-877.374389648437,2643.49072265625,1204.61218261718,-1080.95458984375,2691.49755859375,1227.20886230468,-1166.92626953125,2736.84375,1248.95227050781,-1260.34033203125,2794.63891601562,1171.66687011718,-1164.49731445312,2773.06420898437,1215.15734863281,-763.163024902343,3103.4951171875,1156.57751464843,-795.44189453125,3222.24072265625,973.634399414062,-928.191467285156,3406.77954101562,951.892944335937,-1123.41650390625,3263.04638671875,997.913696289062,-1220.5078125,3262.9306640625,1023.28967285156,-1308.86376953125,3202.39819335937,1008.63610839843,-1229.75756835937,3189.26049804687,1225.81677246093,-247.9775390625,3020.07739257812,1269.03210449218,163.14028930664,3055.224609375,1324.93981933593,551.958618164062,3109.08032226562,1215.31604003906,644.432800292968,2978.22680664062,1102.93981933593,-269.201873779296,3149.474609375,1115.06555175781,137.909271240234,3226.05126953125,1143.08435058593,528.179077148437,3312.27783203125,1008.91149902343,605.6123046875,3223.35424804687,1262.31286621093,-879.550659179687,3086.0224609375,1135.02795410156,-895.02783203125,2979.77075195312,1177.71081542968,-934.101806640625,2975.77392578125,1306.07165527343,-935.278625488281,3003.73266601562,1140.58117675781,-934.861511230468,3015.22729492187,1198.50036621093,-952.581176757812,3136.74853515625
1161.20593261718,-259.139434814453,3088.1201171875,1157.69079589843,-440.991607666015,3054.95288085937,1170.72619628906,-587.757385253906,3043.25732421875,1245.39953613281,-796.852600097656,3079.64135742187,1252.70837402343,-760.640014648437,3044.779296875,1315.88342285156,-777.69482421875,2911.8701171875,1323.06286621093,-877.384765625,2643.49853515625,1204.64978027343,-1080.97045898437,2691.5029296875,1227.25012207031,-1166.94360351562,2736.84497070312,1248.99230957031,-1260.37451171875,2794.61376953125,1171.65832519531,-1164.52612304687,2772.99658203125,1215.16516113281,-763.164489746093,3103.49829101562,1156.58557128906,-795.446044921875,3222.24365234375,973.653930664062,-928.211547851562,3406.78344726562,951.925415039062,-1123.43383789062,3263.04321289062,997.963500976562,-1220.51684570312,3262.9150390625,1023.33728027343,-1308.8427734375,3202.33764648437,1008.69128417968,-1229.75634765625,3189.24340820312,1225.81872558593,-247.978576660156,3020.07836914062,1269.03063964843,163.140716552734,3055.22485351562,1324.93493652343,551.960693359375,3109.07885742187,1215.30920410156,644.435852050781,2978.22705078125,1102.94152832031,-269.203643798828,3149.47607421875,1115.06555175781,137.908401489257,3226.0537109375,1143.08435058593,528.178833007812,3312.28247070312,1008.91027832031,605.614624023437,3223.36181640625,1262.32287597656,-879.551513671875,3086.02612304687,1135.03771972656,-895.02978515625,2979.77392578125,1177.72058105468,-934.104370117187,2975.7783203125,1306.08166503906,-935.281799316406,3003.73754882812,1140.59069824218,-934.862854003906,3015.2314453125,1198.50939941406,-952.580444335937,3136.75366210937
1163.41394042968,-260.377288818359,3091.509765625,1160.67590332031,-442.074462890625,3059.50830078125,1173.98205566406,-588.611389160156,3049.06420898437,1243.18859863281,-799.33837890625,3084.02392578125,1252.15759277343,-762.830993652343,3050.015625,1317.76745605468,-777.746337890625,2918.36596679687,1335.43298339843,-880.23876953125,2652.1572265625,1222.70642089843,-1090.33935546875,2678.45922851562,1244.31188964843,-1174.6923828125,2726.79028320312,1254.84265136718,-1281.86328125,2756.6640625,1191.95202636718,-1170.11108398437,2764.7373046875,1213.08483886718,-765.459838867187,3107.55395507812,1151.04479980468,-798.658142089843,3223.9521484375,972.273803710937,-942.593200683593,3403.19360351562,983.034301757812,-1138.69409179687,3260.23876953125,1020.92175292968,-1238.34399414062,3248.716796875,1049.27136230468,-1308.84057617187,3169.38891601562,1042.06213378906,-1242.95336914062,3192.59643554687,1229.34191894531,-249.64614868164,3024.93994140625,1269.45544433593,161.303436279296,3055.63403320312,1321.60217285156,550.398132324218,3105.2490234375,1213.13049316406,645.071960449218,2975.59106445312,1103.96374511718,-270.054046630859,3151.53857421875,1116.26403808593,136.273941040039,3227.75048828125,1145.10388183593,525.578491210937,3314.337890625,1013.81115722656,607.945556640625,3226.27172851562,1258.19689941406,-882.295715332031,3089.53100585937,1132.39440917968,-884.245849609375,2980.95263671875,1172.67907714843,-925.44677734375,2975.41040039062,1299.96984863281,-935.831237792968,3005.06958007812,1134.94519042968,-926.145446777343,3014.1357421875,1189.42395019531,-953.903198242187,3135.064453125
1163.10363769531,-257.616241455078,3091.98022460937,1157.87414550781,-439.390350341796,3059.21240234375,1169.09924316406,-586.280944824218,3048.3203125,1241.47375488281,-795.664733886718,3086.82104492187,1250.51745605468,-759.260314941406,3052.61450195312,1318.44226074218,-778.350891113281,2922.44897460937,1343.26892089843,-885.254272460937,2658.11376953125,1228.63635253906,-1096.1552734375,2667.39428710937,1262.83508300781,-1176.23486328125,2716.01806640625,1276.08459472656,-1278.95971679687,2758.40576171875,1246.17321777343,-1190.29028320312,2752.53686523437,1210.21374511718,-762.084228515625,3109.41040039062,1146.00744628906,-801.026428222656,3223.04858398437,976.881958007812,-962.235290527343,3397.56176757812,1000.19299316406,-1152.39575195312,3247.65551757812,1057.29162597656,-1243.0810546875,3240.787109375,1084.18078613281,-1299.79760742187,3150.44848632812,1082.95373535156,-1229.78491210937,3155.20434570312,1229.79724121093,-247.617370605468,3025.86938476562,1271.84362792968,163.814514160156,3055.4912109375,1323.86706542968,553.901733398437,3101.8525390625,1217.20568847656,646.471008300781,2968.80346679687,1102.96301269531,-266.632629394531,3151.59545898437,1115.16198730468,140.331268310546,3227.64331054687,1141.80432128906,530.551025390625,3313.4541015625,1011.05725097656,609.532531738281,3221.064453125,1257.89440917968,-878.395263671875,3093.451171875,1135.94177246093,-895.807373046875,2981.54565429687,1178.36389160156,-935.31005859375,2980.76635742187,1305.09558105468,-936.761657714843,3015.06884765625,1139.34680175781,-934.642517089843,3018.310546875,1190.98498535156,-949.383972167968,3142.93334960937
1166.18225097656,-260.333282470703,3095.28051757812,1160.85949707031,-442.032592773437,3062.92333984375,1172.24304199218,-588.801574707031,3052.10961914062,1234.95178222656,-801.836364746093,3086.27661132812,1245.70129394531,-765.198486328125,3052.88110351562,1316.32800292968,-782.026123046875,2923.97802734375,1346.71057128906,-888.578430175781,2660.32275390625,1231.31042480468,-1098.88354492187,2668.75415039062,1245.33166503906,-1188.77783203125,2709.41748046875,1241.61975097656,-1297.13012695312,2736.82836914062,1246.51721191406,-1229.58520507812,2695.30444335937,1205.21008300781,-767.384399414062,3109.50537109375,1141.22619628906,-804.3662109375,3223.79541015625,975.470581054687,-971.777221679687,3395.298828125,1012.15124511718,-1156.6494140625,3241.8017578125,1083.86486816406,-1229.82836914062,3209.9365234375,1129.46228027343,-1266.2314453125,3116.78173828125,1082.26306152343,-1218.27197265625,3145.8232421875,1231.75598144531,-250.302429199218,3028.16625976562,1272.10559082031,161.098205566406,3056.03076171875,1324.19909667968,550.706359863281,3103.697265625,1217.22863769531,641.195373535156,2969.68823242187,1107.05139160156,-269.378509521484,3155.80029296875,1115.04162597656,138.307739257812,3226.60815429687,1140.25500488281,528.954528808593,3309.40698242187,1009.19372558593,608.148498535156,3217.916015625,1247.59484863281,-885.2802734375,3091.18627929687,1121.12194824218,-910.8134765625,2986.26708984375,1165.30822753906,-948.19921875,2983.95776367187,1293.46252441406,-942.833557128906,3011.53759765625,1128.32922363281,-948.654541015625,3023.45629882812,1186.96350097656,-958.341979980468,3145.33471679687
1164.14904785156,-263.08901977539,3093.23950195312,1160.84851074218,-446.276916503906,3063.64575195312,1173.32800292968,-593.901245117187,3055.548828125,1228.23449707031,-809.129638671875,3096.42138671875,1242.42834472656,-772.941345214843,3063.423828125,1321.70300292968,-794.120971679687,2939.40014648437,1341.58410644531,-886.299133300781,2667.83178710937,1231.57995605468,-1101.017578125,2671.13256835937,1235.93298339843,-1189.16967773437,2718.509765625,1238.79016113281,-1285.51611328125,2776.34204101562,1264.15295410156,-1152.869140625,2774.4716796875,1197.56359863281,-773.530029296875,3117.16235351562,1125.32067871093,-800.8798828125,3230.07543945312,984.613891601562,-1003.30487060546,3388.26391601562,1036.64392089843,-1152.32836914062,3201.75952148437,1100.05847167968,-1235.04272460937,3174.00952148437,1156.73083496093,-1284.66015625,3093.17578125,1114.06530761718,-1229.61303710937,3127.13647460937,1232.20520019531,-253.748229980468,3027.82861328125,1271.21862792968,159.976806640625,3055.208984375,1322.58850097656,551.851745605468,3102.17822265625,1213.58654785156,641.971557617187,2968.09814453125,1102.77990722656,-271.511993408203,3152.22314453125,1110.62292480468,137.89077758789,3225.67333984375,1138.66271972656,529.637939453125,3312.32885742187,1008.42370605468,609.758972167968,3218.68774414062,1238.43078613281,-893.232849121093,3103.04370117187,1111.78015136718,-929.032409667968,2999.98388671875,1158.65563964843,-963.476440429687,2997.39868164062,1287.20129394531,-948.815063476562,3022.953125,1122.22155761718,-965.977111816406,3037.70458984375,1183.57287597656,-969.984313964843,3159.34887695312
1163.41760253906,-264.793426513671,3098.75952148437,1159.09680175781,-448.157836914062,3069.21313476562,1170.87609863281,-595.980102539062,3060.92919921875,1227.06970214843,-812.266967773437,3095.19311523437,1240.34362792968,-775.251281738281,3062.6533203125,1320.53723144531,-791.879211425781,2938.3466796875,1340.76037597656,-894.087158203125,2670.10595703125,1231.14562988281,-1108.93505859375,2682.697265625,1246.35949707031,-1186.82763671875,2743.9833984375,1236.06237792968,-1267.25439453125,2821.9990234375,1273.37561035156,-1158.93041992187,2788.13818359375,1196.92883300781,-777.172119140625,3117.63012695312,1131.10900878906,-816.3994140625,3231.13452148437,990.299682617187,-1035.93188476562,3365.11059570312,1064.48449707031,-1164.59741210937,3170.787109375,1132.12707519531,-1248.5810546875,3165.50341796875,1188.78894042968,-1277.3984375,3074.99682617187,1155.18786621093,-1224.4609375,3082.50830078125,1230.83972167968,-255.708953857421,3032.52221679687,1269.21520996093,158.550079345703,3059.12744140625,1320.62756347656,551.073913574218,3103.99633789062,1207.27966308593,641.29150390625,2973.34301757812,1102.62023925781,-272.985290527343,3158.48876953125,1111.99377441406,137.326751708984,3229.0107421875,1140.09460449218,530.529174804687,3310.80712890625,1006.15026855468,608.047241210937,3219.89428710937,1237.50451660156,-896.575988769531,3099.53881835937,1099.30334472656,-927.855285644531,3010.53540039062,1145.50964355468,-962.006896972656,3000.7451171875,1276.34411621093,-948.129821777343,3011.560546875,1114.07727050781,-966.57177734375,3044.96533203125,1189.49255371093,-976.213745117187,3158.2548828125
1161.56677246093,-263.621795654296,3100.35913085937,1158.45104980468,-446.583343505859,3071.91284179687,1171.40173339843,-593.870178222656,3064.37451171875,1228.78479003906,-808.765075683593,3100.60668945312,1241.78283691406,-772.098999023437,3067.81640625,1322.87365722656,-794.253112792968,2945.53955078125,1335.04528808593,-894.053100585937,2676.89184570312,1215.21984863281,-1101.68359375,2699.08520507812,1229.18395996093,-1176.90502929687,2763.40698242187,1220.44885253906,-1254.24609375,2844.16650390625,1213.57629394531,-1199.73461914062,2789.59741210937,1198.51696777343,-773.760131835937,3122.6337890625,1135.76452636718,-819.038696289062,3235.09057617187,998.210815429687,-1055.71533203125,3337.490234375,1086.95544433593,-1160.37255859375,3135.97314453125,1154.89270019531,-1242.90209960937,3123.49560546875,1216.75476074218,-1269.37451171875,3036.16528320312,1185.21032714843,-1220.1767578125,3057.34594726562,1227.96032714843,-254.364196777343,3033.54370117187,1269.19909667968,158.263122558593,3060.36840820312,1322.78283691406,549.2099609375,3105.17114257812,1211.71984863281,641.242980957031,2974.751953125,1101.69714355468,-271.969818115234,3160.60961914062,1111.81457519531,137.559906005859,3227.63916015625,1144.07604980468,529.193115234375,3309.10229492187,1008.57604980468,605.047424316406,3220.24536132812,1239.72058105468,-892.690979003906,3105.7490234375,1108.22961425781,-927.8388671875,3009.33569335937,1154.48742675781,-962.694946289062,3004.77612304687,1283.96130371093,-949.18701171875,3024.00927734375,1120.07678222656,-964.546875,3046.7021484375,1186.98962402343,-968.330444335937,3165.04296875
1162.04724121093,-265.789398193359,3100.99194335937,1159.29553222656,-450.115905761718,3073.31274414062,1172.53894042968,-598.398132324218,3066.49462890625,1230.64782714843,-814.5576171875,3103.36401367187,1243.58215332031,-777.725891113281,3070.21142578125,1326.37023925781,-796.162841796875,2947.25903320312,1339.22741699218,-891.857543945312,2675.13525390625,1216.97741699218,-1097.7724609375,2712.36352539062,1216.74084472656,-1179.49194335937,2771.05981445312,1250.65734863281,-1268.22924804687,2832.07397460937,1206.56970214843,-1193.0888671875,2803.68383789062,1200.21813964843,-779.291015625,3125.54321289062,1137.26062011718,-823.834045410156,3239.27416992187,1001.06481933593,-1069.5546875,3326.62817382812,1096.12048339843,-1164.14208984375,3121.08959960937,1172.58166503906,-1240.607421875,3114.52783203125,1230.76672363281,-1251.29711914062,3020.63305664062,1192.82360839843,-1217.177734375,3037.56127929687,1229.09240722656,-256.717041015625,3033.91064453125,1269.81384277343,158.773559570312,3060.1328125,1322.22448730468,552.781433105468,3102.87231445312,1210.14050292968,648.326965332031,2973.9326171875,1101.58947753906,-273.970306396484,3161.48193359375,1111.93420410156,138.415451049804,3228.0615234375,1143.86120605468,532.946044921875,3308.82080078125,1009.70471191406,615.222534179687,3221.25390625,1241.76062011718,-899.014038085937,3108.73486328125,1111.57556152343,-930.004516601562,3007.3330078125,1156.56384277343,-967.308837890625,3005.12280273437,1286.58239746093,-959.450012207031,3029.19677734375,1120.32800292968,-966.753967285156,3046.00244140625,1182.94543457031,-971.448974609375,3167.65380859375
1161.69152832031,-266.951385498046,3100.94189453125,1158.63171386718,-451.352722167968,3072.52319335937,1171.69714355468,-599.766296386718,3064.94018554687,1234.50573730468,-815.212463378906,3099.63793945312,1246.94592285156,-777.60986328125,3067.08618164062,1329.05358886718,-793.977661132812,2943.20336914062,1342.60607910156,-895.564025878906,2672.94262695312,1218.37780761718,-1098.10375976562,2721.89965820312,1214.49719238281,-1174.71313476562,2787.16796875,1223.88732910156,-1257.91821289062,2863.07690429687,1224.11608886718,-1157.89331054687,2833.85498046875,1202.98986816406,-780.928527832031,3121.962890625,1138.67346191406,-825.986389160156,3234.89697265625,1004.19958496093,-1071.16381835937,3327.31030273437,1096.70349121093,-1161.91381835937,3118.60302734375,1177.75939941406,-1228.974609375,3092.27758789062,1204.28820800781,-1233.73217773437,2984.505859375,1199.67663574218,-1211.490234375,3036.96240234375,1228.28527832031,-257.633270263671,3033.30908203125,1268.14733886718,158.407165527343,3058.93310546875,1320.40270996093,552.802673339843,3102.09814453125,1207.53649902343,649.830993652343,2974.6533203125,1101.64123535156,-275.353973388671,3161.92993164062,1113.44323730468,136.798294067382,3232.28100585937,1140.69323730468,532.277893066406,3312.16870117187,1008.37292480468,610.551086425781,3218.00805664062,1247.54455566406,-899.538269042968,3104.02319335937,1102.63513183593,-931.020446777343,3024.91186523437,1146.96789550781,-967.981140136718,3015.11694335937,1279.24792480468,-959.196960449218,3017.72143554687,1117.85437011718,-967.962829589843,3061.4091796875,1199.59484863281,-972.871459960937,3171.29443359375
1163.18591308593,-265.490570068359,3103.70556640625,1159.33361816406,-449.039947509765,3074.68725585937,1171.70007324218,-596.907653808593,3066.80200195312,1235.68811035156,-811.435607910156,3099.11328125,1247.49694824218,-773.704650878906,3066.79321289062,1322.47326660156,-785.357421875,2938.63818359375,1342.34851074218,-893.390075683593,2672.51440429687,1215.57116699218,-1086.74340820312,2742.73950195312,1226.65026855468,-1159.70385742187,2810.69775390625,1245.04284667968,-1237.72998046875,2889.73388671875,1216.60266113281,-1172.89453125,2843.25805664062,1204.41955566406,-777.586730957031,3121.97412109375,1142.64221191406,-828.098022460937,3233.34936523437,1005.30944824218,-1077.564453125,3303.77685546875,1107.59143066406,-1158.82250976562,3096.86474609375,1184.03112792968,-1234.54638671875,3106.38940429687,1239.53601074218,-1241.63842773437,3010.92700195312,1205.27819824218,-1202.68408203125,3007.25170898437,1230.09387207031,-256.332214355468,3036.89428710937,1268.88781738281,158.273040771484,3060.46020507812,1318.68542480468,551.700256347656,3100.69482421875,1206.33776855468,647.577026367187,2973.10424804687,1102.85217285156,-273.749084472656,3163.95239257812,1113.42932128906,137.434051513671,3230.28588867187,1139.99792480468,531.945495605468,3307.09008789062,1004.83190917968,609.333251953125,3217.71801757812,1249.11975097656,-895.394592285156,3102.74560546875,1119.22131347656,-939.407775878906,3006.74682617187,1168.38586425781,-970.175109863281,3000.68701171875,1296.98156738281,-946.050109863281,3018.71508789062,1134.75061035156,-976.018493652343,3043.13208007812,1203.72009277343,-977.006591796875,3160.9248046875
1160.34997558593,-267.24331665039,3102.66552734375,1159.36145019531,-451.030639648437,3075.81323242187,1174.13488769531,-598.655700683593,3069.63208007812,1237.50500488281,-813.681335449218,3098.59228515625,1249.41174316406,-775.509765625,3066.88671875,1327.97863769531,-787.053894042968,2941.01196289062,1341.15270996093,-893.53955078125,2674.06396484375,1214.31823730468,-1087.47729492187,2741.96337890625,1218.91516113281,-1160.09643554687,2810.92602539062,1235.11706542968,-1236.78002929687,2891.62768554687,1202.73840332031,-1178.11254882812,2838.51293945312,1206.34289550781,-780.13232421875,3121.95556640625,1142.67224121093,-827.996398925781,3233.31811523437,1003.23693847656,-1076.53784179687,3302.02392578125,1110.65344238281,-1161.28051757812,3099.353515625,1188.67028808593,-1235.0703125,3088.38671875,1220.62145996093,-1206.68725585937,2986.40209960937,1206.35998535156,-1204.13598632812,3009.048828125,1226.75329589843,-257.785217285156,3035.486328125,1267.03698730468,156.402923583984,3058.81176757812,1319.70520019531,549.001708984375,3100.734375,1208.10314941406,648.243469238281,2975.28515625,1100.47106933593,-275.772064208984,3163.24389648437,1109.97912597656,134.939590454101,3230.84985351562,1139.23400878906,528.53076171875,3309.91430664062,1009.14538574218,613.810607910156,3220.43701171875,1250.70446777343,-897.664123535156,3100.91870117187,1116.30187988281,-949.184936523437,3015.65747070312,1165.93298339843,-978.555541992187,3007.294921875,1294.46472167968,-949.74609375,3015.630859375,1135.47473144531,-983.920593261718,3052.08935546875,1212.16638183593,-978.462219238281,3164.76489257812
1161.25915527343,-265.932952880859,3103.66430664062,1160.25207519531,-449.609344482421,3076.93872070312,1174.95959472656,-597.140075683593,3070.80810546875,1237.63781738281,-812.278259277343,3099.21875,1249.63024902343,-774.099548339843,3067.6103515625,1328.80187988281,-786.103210449218,2942.28002929687,1344.14978027343,-894.750793457031,2676.53564453125,1217.75036621093,-1088.32641601562,2745.67749023437,1223.99865722656,-1160.55297851562,2814.82202148437,1247.10046386718,-1235.86743164062,2895.02294921875,1214.79089355468,-1164.5400390625,2851.56469726562,1206.62023925781,-778.707641601562,3122.66552734375,1142.85144042968,-826.953796386718,3233.69018554687,1002.84094238281,-1074.98657226562,3302.203125,1103.09460449218,-1156.31640625,3094.72509765625,1174.28845214843,-1235.85546875,3079.20825195312,1210.46887207031,-1205.82055664062,2979.21142578125,1190.19592285156,-1193.6875,2994.38891601562,1227.61608886718,-256.527679443359,3036.52416992187,1268.81286621093,157.2255859375,3060.82348632812,1322.50646972656,549.232055664062,3104.35009765625,1212.46520996093,645.437866210937,2975.4150390625,1101.42224121093,-274.414093017578,3164.20751953125,1110.71496582031,136.048156738281,3231.59130859375,1140.40539550781,529.3408203125,3310.56713867187,1007.44079589843,611.7958984375,3222.93676757812,1250.56823730468,-896.248962402343,3101.345703125,1107.98645019531,-933.682495117187,3022.48754882812,1155.70593261718,-962.904174804687,3006.36010742187,1285.28820800781,-938.328552246093,3006.95849609375,1128.93640136718,-973.067626953125,3052.60961914062,1214.81799316406,-983.365417480468,3157.9658203125
1160.22473144531,-266.4677734375,3105.27465820312,1160.35998535156,-450.5419921875,3079.49755859375,1176.37145996093,-598.164489746093,3073.88403320312,1240.84826660156,-813.353088378906,3100.30615234375,1252.14929199218,-774.894226074218,3068.66870117187,1328.53454589843,-789.70263671875,2941.67578125,1343.02282714843,-891.760864257812,2672.85717773437,1214.89318847656,-1082.29907226562,2748.14624023437,1252.04846191406,-1127.62182617187,2829.57006835937,1311.55627441406,-1176.55737304687,2911.65161132812,1249.80334472656,-1133.49169921875,2866.12353515625,1209.94470214843,-780.041015625,3124.41870117187,1145.43273925781,-829.893310546875,3234.53466796875,1003.30187988281,-1075.80444335937,3307.89404296875,1085.01916503906,-1153.10571289062,3090.58129882812,1156.72351074218,-1232.94311523437,3078.23266601562,1207.29479980468,-1205.40673828125,2983.7412109375,1172.88659667968,-1200.07446289062,3001.22802734375,1225.20495605468,-256.810577392578,3036.654296875,1267.39562988281,157.460372924804,3060.31616210937,1324.12487792968,549.45947265625,3105.08813476562,1213.38879394531,647.002746582031,2977.34936523437,1101.62927246093,-275.176086425781,3167.15283203125,1111.60778808593,136.237823486328,3232.154296875,1139.84509277343,531.126831054687,3306.39526367187,1005.12292480468,612.711975097656,3220.13720703125,1254.33068847656,-897.369506835937,3101.81958007812,1105.74377441406,-926.048522949218,3030.22143554687,1150.42883300781,-959.307556152343,3012.96948242187,1281.56555175781,-944.655151367187,3007.26611328125,1125.04064941406,-966.115966796875,3060.67895507812,1214.67492675781,-980.008056640625,3162.68774414062
1160.59851074218,-265.809173583984,3106.1044921875,1160.63806152343,-449.747741699218,3080.44580078125,1176.57312011718,-597.260559082031,3074.92260742187,1240.54211425781,-812.365661621093,3101.68603515625,1251.91662597656,-774.014892578125,3070.0107421875,1328.56945800781,-789.657958984375,2943.42138671875,1345.30725097656,-892.528076171875,2675.2939453125,1214.82482910156,-1084.36938476562,2742.12866210937,1245.01525878906,-1142.81420898437,2817.76538085937,1286.23132324218,-1205.09594726562,2901.87768554687,1227.40002441406,-1166.59765625,2848.36743164062,1209.73303222656,-778.975158691406,3125.7216796875,1145.26037597656,-828.193725585937,3236.00756835937,1001.21887207031,-1072.29174804687,3310.732421875,1079.95446777343,-1152.19653320312,3093.48388671875,1145.63537597656,-1236.96923828125,3081.2890625,1219.96838378906,-1287.43017578125,3016.84692382812,1165.94323730468,-1206.22998046875,3005.45654296875,1225.51794433593,-256.228363037109,3037.52270507812,1267.82263183593,157.70620727539,3060.90283203125,1324.29016113281,549.502197265625,3104.8984375,1212.59338378906,643.90380859375,2975.884765625,1102.05773925781,-274.448608398437,3167.94775390625,1112.50891113281,136.598327636718,3233.03076171875,1140.64294433593,531.158264160156,3307.28833007812,1007.31726074218,610.583557128906,3217.23193359375,1253.83630371093,-896.339477539062,3103.33959960937,1102.81042480468,-917.543884277343,3034.61547851562,1145.55090332031,-952.579223632812,3016.15478515625,1276.96838378906,-943.8056640625,3007.88989257812,1120.86901855468,-958.714294433593,3064.27392578125,1211.74914550781,-977.652526855468,3164.19873046875
1162.08020019531,-264.198791503906,3106.369140625,1162.02990722656,-447.962829589843,3080.080078125,1177.79943847656,-595.398620605468,3073.884765625,1240.93103027343,-810.642944335937,3100.6484375,1251.82922363281,-772.597900390625,3068.478515625,1331.05554199218,-790.497924804687,2943.86767578125,1340.75207519531,-886.452453613281,2672.98388671875,1225.04309082031,-1088.02221679687,2737.97265625,1228.42028808593,-1170.77368164062,2794.3623046875,1201.81066894531,-1254.15380859375,2864.93701171875,1252.61535644531,-1148.86474609375,2842.61303710937,1210.90515136718,-776.904418945312,3125.13500976562,1153.86755371093,-827.6181640625,3238.71264648437,990.693237304687,-1054.65502929687,3326.2666015625,1071.43444824218,-1159.28002929687,3120.69213867187,1129.34338378906,-1250.26147460937,3117.97045898437,1164.64831542968,-1253.75244140625,3013.3056640625,1153.25646972656,-1222.5078125,3024.11010742187,1226.79504394531,-254.39077758789,3037.68627929687,1268.39245605468,159.418731689453,3061.16552734375,1323.36193847656,551.383544921875,3103.892578125,1209.16662597656,644.265563964843,2976.10229492187,1103.72351074218,-273.043090820312,3168.30346679687,1113.56188964843,137.810180664062,3233.49072265625,1140.72888183593,532.147094726562,3308.296875,1005.54040527343,608.932250976562,3218.89282226562,1253.70764160156,-894.652099609375,3102.57202148437,1109.01159667968,-925.382263183593,3024.63134765625,1153.83142089843,-960.434020996093,3012.20141601562,1285.19421386718,-948.48095703125,3013.13500976562,1125.68811035156,-963.628967285156,3058.64892578125,1209.00183105468,-972.288391113281,3166.21166992187
1163.49157714843,-261.714782714843,3110.46850585937,1162.39221191406,-444.150146484375,3080.06298828125,1176.96398925781,-590.995422363281,3070.7099609375,1237.28918457031,-806.032775878906,3098.61572265625,1248.23352050781,-768.5859375,3066.05737304687,1330.59777832031,-787.541259765625,2944.3193359375,1344.96447753906,-876.970092773437,2672.52734375,1234.57165527343,-1085.96264648437,2716.71166992187,1241.78601074218,-1165.43383789062,2776.69384765625,1250.88220214843,-1251.38452148437,2847.95703125,1208.54626464843,-1204.376953125,2777.00219726562,1208.16247558593,-771.779663085937,3123.07983398437,1153.64196777343,-823.177917480468,3236.98266601562,995.657592773437,-1049.11694335937,3332.91088867187,1065.75183105468,-1160.14184570312,3127.849609375,1120.55407714843,-1251.50903320312,3113.63208007812,1155.21154785156,-1253.3125,3009.134765625,1158.70886230468,-1214.58715820312,3030.18041992187,1229.16442871093,-250.922302246093,3043.3388671875,1269.76330566406,161.596954345703,3064.09619140625,1323.05285644531,552.70068359375,3103.12280273437,1208.78918457031,644.466552734375,2975.67529296875,1104.27209472656,-271.446807861328,3171.00268554687,1113.67468261718,138.222518920898,3233.95751953125,1140.69714355468,531.377807617187,3307.109375,1003.83361816406,610.123352050781,3223.458984375,1248.90270996093,-889.879272460937,3101.173828125,1106.30090332031,-925.012268066406,3022.54858398437,1152.37097167968,-957.880126953125,3009.72705078125,1282.65759277343,-940.684143066406,3011.2822265625,1124.36437988281,-962.978454589843,3055.85302734375,1207.37902832031,-970.033325195312,3163.13208007812
1162.91882324218,-260.767181396484,3109.94799804687,1160.33508300781,-442.887786865234,3079.01000976562,1174.13757324218,-589.586364746093,3068.84130859375,1239.28430175781,-802.600219726562,3099.27807617187,1249.98547363281,-765.086303710937,3066.80541992187,1330.14855957031,-787.35888671875,2944.36376953125,1345.06042480468,-875.782653808593,2672.61059570312,1225.92834472656,-1081.2216796875,2708.5205078125,1241.21569824218,-1161.2490234375,2766.01123046875,1236.42932128906,-1246.45678710937,2838.38061523437,1212.06335449218,-1200.86694335937,2769.98706054687,1208.76184082031,-769.032775878906,3122.85498046875,1153.41467285156,-822.950988769531,3234.99780273437,993.906860351562,-1037.6240234375,3351.15112304687,1038.41174316406,-1182.93286132812,3161.25244140625,1102.93298339843,-1266.17211914062,3140.37768554687,1133.74035644531,-1273.64868164062,3035.0595703125,1125.79382324218,-1240.60913085937,3065.55224609375,1226.75671386718,-249.996459960937,3041.21313476562,1269.49157714843,161.731079101562,3064.00708007812,1325.25500488281,551.796203613281,3105.38525390625,1212.01525878906,646.950927734375,2979.8544921875,1105.35339355468,-270.479614257812,3171.92895507812,1113.39538574218,138.802642822265,3234.53149414062,1140.99645996093,531.456665039062,3307.69921875,1005.47375488281,613.908386230468,3225.88549804687,1252.98864746093,-886.008850097656,3102.56420898437,1111.84020996093,-908.002502441406,3017.22485351562,1155.37902832031,-944.634704589843,3006.17724609375,1286.30627441406,-938.888488769531,3013.86108398437,1124.95690917968,-947.582641601562,3050.8671875,1201.88562011718,-962.571105957031,3161.61938476562
1164.67175292968,-260.24673461914,3109.79760742187,1162.16198730468,-441.786102294921,3079.57666015625,1175.89660644531,-587.969604492187,3069.9453125,1239.32043457031,-800.863464355468,3098.58959960937,1250.23645019531,-763.313293457031,3066.52954101562,1330.98474121093,-787.025207519531,2945.42016601562,1347.15856933593,-874.376770019531,2674.52197265625,1224.23376464843,-1077.59008789062,2703.65991210937,1239.73791503906,-1162.85791015625,2752.21752929687,1278.17761230468,-1254.87353515625,2802.04052734375,1248.49084472656,-1169.05883789062,2790.69287109375,1209.15124511718,-767.395385742187,3122.3466796875,1154.39343261718,-822.891662597656,3233.38427734375,995.675170898437,-1030.47680664062,3360.26635742187,1032.48400878906,-1180.93774414062,3173.931640625,1094.87780761718,-1267.67456054687,3168.93383789062,1113.40344238281,-1276.94873046875,3061.3369140625,1104.80456542968,-1257.36547851562,3083.53149414062,1228.45202636718,-249.751312255859,3041.45336914062,1268.91906738281,160.721862792968,3062.72607421875,1323.32092285156,549.486694335937,3103.94995117187,1212.86706542968,642.820007324218,2975.72094726562,1107.15832519531,-269.710906982421,3171.42651367187,1114.13952636718,137.836654663085,3235.20483398437,1138.73400878906,529.061157226562,3308.8974609375,1005.17492675781,606.618835449218,3220.77026367187,1252.39343261718,-884.075622558593,3101.20947265625,1126.60681152343,-912.727294921875,2997.09936523437,1171.50817871093,-948.958679199218,2994.73754882812,1299.18859863281,-940.552001953125,3021.79272460937,1134.79504394531,-950.181518554687,3034.23559570312,1193.85339355468,-958.173950195312,3155.55786132812
1163.22033691406,-260.348663330078,3108.87255859375,1160.81530761718,-441.495361328125,3076.53442382812,1174.40222167968,-587.5654296875,3065.43359375,1238.26770019531,-800.151306152343,3095.09545898437,1249.09753417968,-762.740234375,3062.8564453125,1327.66833496093,-782.43798828125,2939.6416015625,1350.09777832031,-852.09423828125,2664.14672851562,1229.13464355468,-1057.74658203125,2681.82421875,1246.83264160156,-1136.18798828125,2740.12915039062,1264.73132324218,-1221.35107421875,2809.77026367187,1233.87194824218,-1166.01196289062,2756.4931640625,1208.03698730468,-766.636535644531,3118.69116210937,1150.41662597656,-814.555053710937,3231.76489257812,992.521118164062,-1008.62982177734,3379.27758789062,1013.30114746093,-1183.35986328125,3212.744140625,1071.48474121093,-1272.11010742187,3225.99853515625,1092.31018066406,-1271.4453125,3118.44189453125,1086.14221191406,-1258.17431640625,3121.54833984375,1228.05554199218,-249.209411621093,3041.65234375,1268.96984863281,161.156219482421,3062.90234375,1321.61633300781,550.366027832031,3101.53930664062,1210.28356933593,641.477905273437,2972.5205078125,1104.75573730468,-270.393463134765,3169.48803710937,1113.50061035156,136.975219726562,3233.77587890625,1140.95983886718,527.555541992187,3309.51098632812,1009.63439941406,608.412231445312,3221.04736328125,1251.51354980468,-883.309143066406,3098.11645507812,1129.59265136718,-912.047973632812,2989.56689453125,1173.89514160156,-949.069946289062,2989.79956054687,1300.47985839843,-942.2470703125,3021.88403320312,1135.59680175781,-948.825866699218,3027.76928710937,1189.51452636718,-955.215270996093,3151.5322265625
1164.25109863281,-257.646331787109,3107.71484375,1161.38073730468,-438.92837524414,3075.923828125,1174.68664550781,-585.087219238281,3065.18359375,1239.15344238281,-797.62451171875,3094.29760742187,1249.74279785156,-760.148681640625,3062.03491210937,1326.90759277343,-781.724304199218,2938.20458984375,1353.97717285156,-853.396057128906,2663.57348632812,1220.70422363281,-1052.13525390625,2661.06665039062,1235.32189941406,-1134.4384765625,2714.76123046875,1248.62268066406,-1224.13403320312,2779.62084960937,1205.02575683593,-1148.48876953125,2742.66674804687,1208.96936035156,-764.1884765625,3118.09033203125,1152.59094238281,-814.018371582031,3231.0029296875,990.960571289062,-1000.53900146484,3384.24365234375,1010.24816894531,-1183.55981445312,3226.58715820312,1061.99890136718,-1276.5810546875,3237.17724609375,1093.90002441406,-1278.54516601562,3132.35913085937,1084.33532714843,-1262.87841796875,3141.0751953125,1228.73400878906,-246.805694580078,3040.07641601562,1268.89953613281,163.723373413085,3061.54565429687,1320.78991699218,553.107482910156,3100.427734375,1209.81115722656,646.322448730468,2972.54150390625,1106.10388183593,-267.421783447265,3168.70727539062,1113.05212402343,139.855987548828,3234.4169921875,1134.37145996093,531.208435058593,3308.63793945312,1005.68933105468,614.653869628906,3218.62109375,1252.58752441406,-880.778442382812,3097.16284179687,1127.40100097656,-903.291137695312,2990.82202148437,1169.31921386718,-943.013427734375,2990.9296875,1296.60021972656,-943.689392089843,3021.0478515625,1131.69958496093,-939.868225097656,3029.46313476562,1187.05578613281,-947.965270996093,3152.5244140625
1168.80725097656,-253.44644165039,3108.71166992187,1164.03210449218,-435.265655517578,3077.19653320312,1176.02868652343,-581.968322753906,3066.61157226562,1239.72619628906,-795.528015136718,3094.80883789062,1250.66638183593,-757.780700683593,3062.755859375,1330.13000488281,-775.500366210937,2939.26977539062,1350.80847167968,-844.346984863281,2662.52880859375,1218.27795410156,-1044.38696289062,2659.43041992187,1227.86145019531,-1136.16455078125,2697.00073242187,1240.98449707031,-1225.22143554687,2763.3046875,1192.34606933593,-1155.17602539062,2716.37329101562,1209.44616699218,-762.037353515625,3118.71215820312,1149.29528808593,-807.802734375,3231.86083984375,990.263549804687,-991.742492675781,3392.33081054687,1001.48962402343,-1177.4443359375,3235.97827148437,1053.65856933593,-1269.74536132812,3252.31909179687,1062.18273925781,-1311.37451171875,3150.97387695312,1078.61389160156,-1273.970703125,3157.7939453125,1232.92053222656,-243.264190673828,3040.25341796875,1271.10119628906,168.541030883789,3063.37353515625,1321.70886230468,559.064331054687,3103.85302734375,1209.37976074218,645.578857421875,2971.6806640625,1110.99353027343,-262.628204345703,3170.44360351562,1115.57409667968,145.841674804687,3236.30737304687,1136.37121582031,538.12451171875,3311.83251953125,1006.29382324218,612.941345214843,3215.46362304687,1252.87414550781,-878.983642578125,3097.22509765625,1130.84484863281,-903.165283203125,2986.92138671875,1175.02404785156,-940.599792480468,2986.04736328125,1301.90515136718,-935.769226074218,3018.95581054687,1136.44958496093,-941.400512695312,3023.9658203125,1189.96057128906,-952.479125976562,3148.02856445312
1168.83435058593,-253.772369384765,3109.39770507812,1164.27453613281,-435.861358642578,3077.39208984375,1176.48059082031,-582.806335449218,3066.56787109375,1241.37780761718,-796.511108398437,3094.271484375,1252.10144042968,-758.575134277343,3062.21752929687,1332.77453613281,-774.39013671875,2938.9267578125,1348.19055175781,-835.307312011718,2659.44506835937,1215.02087402343,-1035.1689453125,2648.20654296875,1217.22106933593,-1126.4404296875,2688.55883789062,1210.80407714843,-1213.29956054687,2758.990234375,1164.35412597656,-1137.84204101562,2697.84643554687,1210.92004394531,-763.154052734375,3118.3388671875,1150.95178222656,-806.121704101562,3232.9775390625,995.610717773437,-981.229614257812,3407.3310546875,994.153198242187,-1176.79028320312,3262.30712890625,1047.73840332031,-1269.94921875,3263.37475585937,1063.22106933593,-1314.63134765625,3163.94921875,1066.46057128906,-1272.63354492187,3185.517578125,1233.34265136718,-243.38296508789,3041.09887695312,1271.65686035156,169.175415039062,3064.43530273437,1321.63635253906,560.594909667968,3104.26635742187,1213.69250488281,645.576477050781,2967.01220703125,1110.66418457031,-263.140991210937,3170.98583984375,1117.61535644531,145.840454101562,3238.30859375,1140.02551269531,538.54833984375,3315.11108398437,1006.80676269531,611.253784179687,3220.82397460937,1254.95861816406,-880.062622070312,3096.49877929687,1130.58557128906,-903.388244628906,2988.177734375,1172.27746582031,-943.712341308593,2989.66577148437,1299.67053222656,-945.122680664062,3021.88842773437,1133.93420410156,-939.451782226562,3027.73193359375,1187.58630371093,-945.851501464843,3152.33862304687
1171.20861816406,-254.214080810546,3110.61279296875,1164.43005371093,-435.718444824218,3075.23461914062,1174.82116699218,-582.66357421875,3061.68481445312,1238.78430175781,-796.476501464843,3091.69482421875,1249.81188964843,-758.861022949218,3059.32104492187,1329.95104980468,-769.942810058593,2935.06567382812,1345.68469238281,-836.85595703125,2656.8046875,1210.09118652343,-1035.52758789062,2652.74584960937,1203.70861816406,-1125.71948242187,2695.17163085937,1187.96228027343,-1222.49169921875,2749.46704101562,1138.23913574218,-1126.25756835937,2690.71337890625,1208.32922363281,-762.758483886718,3115.322265625,1145.02355957031,-798.381042480468,3230.77587890625,989.718383789062,-968.604125976562,3410.20947265625,992.001342773437,-1171.13842773437,3274.85180664062,1037.42736816406,-1265.9560546875,3297.4482421875,1051.06262207031,-1303.619140625,3194.826171875,1054.74353027343,-1272.45629882812,3195.36303710937,1235.93273925781,-243.357849121093,3042.51489257812,1272.64074707031,169.617553710937,3065.35009765625,1321.35095214843,561.521240234375,3104.28247070312,1210.71203613281,644.458801269531,2967.76538085937,1112.84387207031,-264.003601074218,3172.01953125,1118.34216308593,145.734191894531,3236.2958984375,1140.63391113281,539.193481445312,3310.46142578125,1005.30041503906,611.442016601562,3218.67016601562,1252.03259277343,-880.1044921875,3094.76391601562,1123.30432128906,-899.631530761718,2990.71557617187,1166.32849121093,-938.447570800781,2987.16528320312,1295.18664550781,-937.706481933593,3013.32592773437,1129.73522949218,-938.466613769531,3027.18701171875,1189.57507324218,-952.359924316406,3148.40600585937
1171.63073730468,-254.546752929687,3109.7744140625,1164.79235839843,-436.089538574218,3074.40087890625,1175.17492675781,-583.077331542968,3060.96728515625,1237.91760253906,-797.582153320312,3088.90087890625,1248.69250488281,-759.897583007812,3056.50537109375,1330.09240722656,-774.273254394531,2933.37475585937,1341.88122558593,-835.37255859375,2653.52368164062,1199.77209472656,-1029.33374023437,2644.52807617187,1197.51159667968,-1119.107421875,2688.28881835937,1188.44812011718,-1212.33032226562,2749.88012695312,1139.44641113281,-1121.025390625,2703.33422851562,1208.14392089843,-763.723693847656,3113.20971679687,1146.84606933593,-800.041015625,3229.560546875,988.100952148437,-947.034362792968,3425.82788085937,985.972778320312,-1151.09887695312,3292.6923828125,1017.37854003906,-1251.72583007812,3314.07763671875,1032.47473144531,-1311.07958984375,3222.47998046875,1040.61535644531,-1269.11303710937,3233.8662109375,1236.54504394531,-243.75112915039,3041.8203125,1275.11071777343,168.939514160156,3068.07568359375,1324.35949707031,560.775939941406,3107.84985351562,1209.41125488281,645.561157226562,2976.0517578125,1113.09460449218,-264.281677246093,3171.05151367187,1115.90490722656,145.454635620117,3236.06982421875,1135.40295410156,538.934326171875,3311.361328125,1003.03454589843,611.67236328125,3215.64306640625,1250.53869628906,-881.345336914062,3091.36083984375,1115.95764160156,-899.838500976562,2994.73754882812,1158.12927246093,-939.374816894531,2989.23779296875,1288.25744628906,-940.428405761718,3008.271484375,1123.79455566406,-938.422302246093,3031.21728515625,1190.01892089843,-952.087951660156,3149.12915039062
1171.50671386718,-253.486358642578,3110.41918945312,1165.86779785156,-434.589904785156,3075.205078125,1177.36877441406,-581.05859375,3061.43041992187,1238.46765136718,-795.781372070312,3086.2392578125,1249.23156738281,-757.909057617187,3054.27856445312,1324.93249511718,-772.909973144531,2928.10791015625,1347.23132324218,-838.829467773437,2650.79760742187,1191.52966308593,-1021.31878662109,2644.6357421875,1181.05847167968,-1108.74267578125,2691.24951171875,1163.99694824218,-1205.455078125,2744.66918945312,1130.38000488281,-1116.435546875,2698.35546875,1209.25964355468,-762.067687988281,3111.1357421875,1146.72717285156,-801.376098632812,3225.40600585937,986.520874023437,-935.237609863281,3428.5830078125,983.200073242187,-1144.52368164062,3305.1376953125,1012.62731933593,-1246.66943359375,3319.52661132812,1014.20812988281,-1317.45556640625,3235.4912109375,1024.55944824218,-1266.20239257812,3245.98779296875,1234.73791503906,-242.025817871093,3041.35278320312,1272.88122558593,169.676849365234,3065.890625,1321.11682128906,560.735107421875,3103.79638671875,1209.15710449218,647.814575195312,2971.69799804687,1114.48840332031,-263.820861816406,3172.69946289062,1116.95007324218,144.930725097656,3236.75463867187,1137.66247558593,537.107666015625,3312.72973632812,1007.64465332031,614.380981445312,3218.25659179687,1250.40661621093,-879.437255859375,3087.60791015625,1112.90051269531,-883.497436523437,2994.25268554687,1150.75695800781,-926.779418945312,2987.3896484375,1280.19763183593,-940.74267578125,3003.30200195312,1117.72155761718,-922.99609375,3030.056640625,1184.73498535156,-944.445556640625,3145.92163085937
1172.98352050781,-253.811920166015,3111.69458007812,1165.98132324218,-434.900604248046,3075.01000976562,1175.91491699218,-581.677062988281,3060.57958984375,1237.74670410156,-796.654602050781,3084.87036132812,1248.58215332031,-758.540466308593,3053.08276367187,1323.62390136718,-773.905456542968,2926.2646484375,1334.09704589843,-843.2802734375,2648.59008789062,1180.08117675781,-1027.83251953125,2649.89306640625,1175.63635253906,-1113.76879882812,2700.4384765625,1165.53527832031,-1218.85034179687,2737.81567382812,1127.18859863281,-1122.66259765625,2713.15600585937,1208.21838378906,-763.096069335937,3109.77978515625,1145.42590332031,-801.7109375,3224.42260742187,997.002075195312,-936.846496582031,3436.24194335937,973.134155273437,-1143.56811523437,3309.94580078125,1002.86560058593,-1245.35375976562,3327.330078125,1010.97106933593,-1338.25952148437,3268.85302734375,1032.97473144531,-1266.93725585937,3267.30322265625,1238.68835449218,-242.776092529296,3044.67578125,1275.06677246093,169.906539916992,3067.4306640625,1323.36022949218,561.681884765625,3104.9892578125,1209.17053222656,644.311950683593,2971.45849609375,1113.73474121093,-263.763397216796,3172.12841796875,1117.35241699218,145.929718017578,3234.70825195312,1138.98474121093,539.196472167968,3308.3935546875,1005.63610839843,612.808227539062,3215.064453125,1250.00012207031,-880.41650390625,3085.95190429687,1110.95983886718,-882.129516601562,2994.3017578125,1148.83605957031,-925.216735839843,2985.69995117187,1278.72888183593,-939.423278808593,2999.42578125,1116.34411621093,-922.663146972656,3028.98950195312,1185.12707519531,-947.233825683593,3143.46240234375
1171.80554199218,-254.793853759765,3110.98217773437,1164.56628417968,-436.023315429687,3074.11840820312,1174.23962402343,-582.92431640625,3059.2880859375,1233.56604003906,-799.060424804687,3081.51708984375,1244.75402832031,-760.774719238281,3049.978515625,1323.70251464843,-776.005615234375,2925.3642578125,1334.18933105468,-841.211547851562,2646.39135742187,1173.32434082031,-1020.13201904296,2648.8701171875,1170.82727050781,-1108.19995117187,2695.95629882812,1161.24694824218,-1212.42016601562,2736.11059570312,1128.20886230468,-1121.07299804687,2711.22094726562,1204.52770996093,-765.3212890625,3106.8583984375,1145.02478027343,-803.051879882812,3223.689453125,999.306518554687,-933.901489257812,3440.41845703125,973.909057617187,-1144.08422851562,3319.79711914062,1004.71057128906,-1245.33203125,3339.01733398437,983.730834960937,-1349.36767578125,3309.400390625,1036.84875488281,-1247.34838867187,3336.9951171875,1237.15686035156,-243.678070068359,3043.50073242187,1274.81506347656,169.191284179687,3068.1767578125,1324.54406738281,560.963562011718,3107.96240234375,1211.65808105468,646.073425292968,2974.60180664062,1112.87561035156,-264.817443847656,3171.83276367187,1118.98889160156,144.858154296875,3236.9912109375,1140.76086425781,538.430053710937,3311.15673828125,1005.22326660156,611.117431640625,3219.94311523437,1244.79895019531,-883.055969238281,3081.83666992187,1105.08483886718,-897.551208496093,2992.06103515625,1146.47033691406,-937.31298828125,2983.22924804687,1277.40539550781,-940.130065917968,2995.25390625,1114.42541503906,-937.218444824218,3026.99145507812,1186.66271972656,-954.82177734375,3140.77758789062
1172.98181152343,-254.847290039062,3109.126953125,1166.69030761718,-436.535491943359,3074.69604492187,1177.33142089843,-583.538940429687,3062.14428710937,1233.84729003906,-800.406799316406,3083.90698242187,1244.92199707031,-762.416320800781,3051.99731445312,1314.40930175781,-773.25,2921.47900390625,1328.08972167968,-838.720031738281,2642.79125976562,1179.14782714843,-1026.15844726562,2666.15698242187,1170.04943847656,-1113.1259765625,2714.400390625,1167.80822753906,-1216.572265625,2757.4423828125,1103.98522949218,-1125.22485351562,2709.16088867187,1205.88342285156,-766.153381347656,3109.732421875,1142.44641113281,-793.9677734375,3227.2275390625,991.123168945312,-904.040710449218,3451.42138671875,947.851196289062,-1113.138671875,3334.19287109375,969.617553710937,-1201.76000976562,3391.07104492187,963.941528320312,-1287.83032226562,3322.56274414062,1028.39465332031,-1236.19458007812,3347.30224609375,1238.52087402343,-244.351654052734,3041.76708984375,1275.81848144531,168.331237792968,3068.04296875,1323.50085449218,560.249145507812,3107.7568359375,1211.95007324218,647.806457519531,2974.94018554687,1113.88195800781,-264.311645507812,3169.86840820312,1117.14196777343,145.002777099609,3236.71875,1139.32824707031,537.429382324218,3316.02709960937,1006.42102050781,609.984558105468,3221.01806640625,1243.81555175781,-884.536865234375,3084.30517578125,1107.34313964843,-884.870056152343,2988.6552734375,1146.28747558593,-926.8994140625,2979.34521484375,1276.08630371093,-939.351684570312,2996.189453125,1112.53649902343,-926.758483886718,3021.78540039062,1178.60925292968,-954.923645019531,3137.13623046875
1172.12585449218,-252.40737915039,3105.7373046875,1165.78210449218,-433.435791015625,3071.1611328125,1176.43420410156,-579.888610839843,3058.01708984375,1228.64221191406,-797.247802734375,3077.76782226562,1240.15759277343,-759.392395019531,3046.125,1314.65295410156,-773.987060546875,2919.3515625,1327.62805175781,-837.737182617187,2641.21606445312,1171.86633300781,-1019.24090576171,2657.6806640625,1170.48596191406,-1091.93994140625,2725.65063476562,1196.70422363281,-1178.81909179687,2790.76196289062,1095.16906738281,-1115.32446289062,2707.5908203125,1201.67541503906,-762.741882324218,3103.9755859375,1140.29772949218,-788.17431640625,3222.5703125,997.852172851562,-882.886779785156,3458.04248046875,941.237182617187,-1098.60791015625,3362.12622070312,958.222778320312,-1193.98217773437,3407.95825195312,952.714233398437,-1260.19604492187,3320.56201171875,1000.61145019531,-1230.37817382812,3362.43188476562,1236.23425292968,-241.619873046875,3037.49584960937,1273.87268066406,169.489807128906,3065.95043945312,1323.61584472656,559.434631347656,3109.16748046875,1212.39392089843,643.94091796875,2975.05419921875,1114.31628417968,-262.134948730468,3167.27368164062,1119.02795410156,145.583526611328,3235.18920898437,1143.78845214843,536.4697265625,3314.57275390625,1007.74328613281,606.446044921875,3223.26611328125,1236.91369628906,-881.277404785156,3077.51611328125,1097.76477050781,-902.544677734375,2989.34814453125,1139.98522949218,-941.368347167968,2981.76733398437,1270.52160644531,-940.350646972656,2993.18115234375,1108.24499511718,-940.533630371093,3025.50024414062,1181.12072753906,-952.102233886718,3139.06372070312
1174.66320800781,-255.795532226562,3109.72680664062,1166.76452636718,-437.386077880859,3073.89501953125,1176.28552246093,-584.506530761718,3059.73486328125,1229.85534667968,-802.583618164062,3079.70776367187,1241.12780761718,-764.545288085937,3047.82299804687,1315.07238769531,-777.507934570312,2919.76000976562,1322.03942871093,-840.516479492187,2639.8896484375,1167.44787597656,-1022.39068603515,2671.99853515625,1160.09509277343,-1107.85815429687,2723.37719726562,1165.65783691406,-1212.7685546875,2762.78637695312,1096.57556152343,-1120.21215820312,2707.81713867187,1202.69128417968,-768.0107421875,3106.08227539062,1140.38610839843,-789.679382324218,3225.65698242187,995.957885742187,-849.750366210937,3472.68603515625,919.942016601562,-1066.37329101562,3390.33447265625,933.009643554687,-1168.76196289062,3420.95068359375,950.047973632812,-1273.3828125,3390.482421875,935.879516601562,-1190.65454101562,3344.70776367187,1238.87414550781,-245.023223876953,3040.97924804687,1274.81286621093,168.361831665039,3066.3115234375,1321.73205566406,561.083923339843,3103.89819335937,1208.27380371093,646.41748046875,2970.89379882812,1116.76110839843,-265.509399414062,3171.71923828125,1121.24841308593,144.459838867187,3237.7021484375,1148.47204589843,537.138793945312,3316.72973632812,1011.95886230468,606.647766113281,3224.16625976562,1238.57043457031,-886.960144042968,3079.54809570312,1100.84777832031,-896.854125976562,2985.857421875,1141.61022949218,-937.417175292968,2977.41284179687,1272.21667480468,-943.360473632812,2992.79028320312,1108.40417480468,-937.331909179687,3020.36645507812,1177.29016113281,-958.445373535156,3135.77905273437
1174.59436035156,-255.710784912109,3109.72875976562,1166.63391113281,-437.285339355468,3073.92504882812,1176.08605957031,-584.395690917968,3059.767578125,1229.42761230468,-802.503601074218,3079.76171875,1240.72106933593,-764.489196777343,3047.86376953125,1314.51281738281,-777.493896484375,2919.734375,1320.85729980468,-840.059814453125,2639.77905273437,1166.14611816406,-1021.81842041015,2671.78515625,1158.86901855468,-1107.32543945312,2723.08935546875,1164.10290527343,-1212.15600585937,2762.7236328125,1095.30261230468,-1119.62646484375,2707.61181640625,1202.31921386718,-767.898315429687,3106.14086914062,1140.11950683593,-789.257690429687,3225.810546875,995.658081054687,-847.938781738281,3473.11962890625,918.070434570312,-1064.27709960937,3391.5615234375,929.373413085937,-1166.53100585937,3423.27368164062,944.826782226562,-1271.95532226562,3394.83813476562,930.759643554687,-1188.912109375,3347.68701171875,1238.79626464843,-244.969543457031,3040.98071289062,1275.05749511718,168.341705322265,3066.376953125,1322.41760253906,560.948547363281,3104.19677734375,1209.35729980468,646.456665039062,2970.99487304687,1116.70056152343,-265.39663696289,3171.72143554687,1121.29162597656,144.561080932617,3237.50805664062,1148.52380371093,537.243103027343,3316.31372070312,1012.26477050781,606.853271484375,3223.48583984375,1238.05065917968,-886.881042480468,3079.61791992187,1100.30944824218,-897.13671875,2986.02368164062,1141.10705566406,-937.671752929687,2977.654296875,1271.71374511718,-943.440002441406,2992.98364257812,1107.92395019531,-937.522705078125,3020.61889648437,1176.87829589843,-958.294311523437,3136.03588867187
1176.79211425781,-254.672729492187,3106.76611328125,1167.80407714843,-436.358489990234,3071.70654296875,1176.35559082031,-583.603881835937,3058.28540039062,1222.49914550781,-803.672241210937,3074.5458984375,1234.27209472656,-765.710815429687,3042.75244140625,1307.04357910156,-778.282348632812,2913.98486328125,1320.75085449218,-835.977294921875,2633.2265625,1160.38879394531,-1012.93377685546,2664.45434570312,1158.81457519531,-1096.64819335937,2719.11206054687,1181.29211425781,-1197.37329101562,2763.1435546875,1095.91271972656,-1118.62646484375,2696.970703125,1197.33581542968,-768.442260742187,3102.01049804687,1138.56945800781,-792.646240234375,3222.87939453125,1017.51379394531,-825.063537597656,3487.04174804687,903.751831054687,-1020.08587646484,3394.80737304687,924.687866210937,-1120.89184570312,3426.28466796875,939.257934570312,-1214.400390625,3482.91772460937,902.689819335937,-1141.734375,3355.63989257812,1241.52478027343,-244.681396484375,3038.39453125,1276.60046386718,168.536590576171,3067.24267578125,1321.85021972656,561.184875488281,3107.45043945312,1209.00402832031,649.054931640625,2975.58935546875,1118.41979980468,-263.682342529296,3168.42016601562,1119.16345214843,146.40818786621,3233.72802734375,1138.81921386718,540.126159667968,3309.72045898437,1004.26257324218,613.127868652343,3216.98901367187,1228.13854980468,-888.298522949218,3073.28466796875,1083.01257324218,-906.280883789062,2992.92993164062,1124.94738769531,-944.653015136718,2980.80029296875,1256.54479980468,-943.448059082031,2983.89233398437,1095.94299316406,-946.035461425781,3026.673828125,1176.34729003906,-962.555541992187,3135.17407226562
1178.02600097656,-256.553802490234,3105.91064453125,1168.26257324218,-438.151000976562,3070.978515625,1175.94250488281,-585.426696777343,3058.00219726562,1221.94006347656,-805.657165527343,3070.92797851562,1233.91052246093,-767.196411132812,3039.84790039062,1305.91491699218,-781.208679199218,2910.86450195312,1317.38049316406,-832.805847167968,2628.93481445312,1152.27868652343,-1006.2896118164,2653.525390625,1153.60485839843,-1090.80444335937,2706.87133789062,1175.00280761718,-1192.00732421875,2750.22900390625,1087.66149902343,-1111.35961914062,2688.87670898437,1196.62097167968,-770.890808105468,3098.80029296875,1135.78405761718,-795.125793457031,3218.57348632812,1024.95007324218,-762.937622070312,3487.08911132812,908.270385742187,-965.51171875,3417.90625,907.114868164062,-1069.55224609375,3445.40625,900.171997070312,-1176.02587890625,3473.1416015625,887.176391601562,-1087.14721679687,3363.98291015625,1244.09460449218,-247.19448852539,3038.78955078125,1276.59143066406,166.359771728515,3063.17749023437,1322.83093261718,558.593994140625,3104.75830078125,1210.37145996093,646.158386230468,2972.47534179687,1118.44885253906,-264.993499755859,3166.4365234375,1121.40417480468,144.586685180664,3233.8291015625,1140.87487792968,537.810180664062,3311.58813476562,1005.24353027343,607.446228027343,3217.97216796875,1227.57556152343,-890.219848632812,3068.31396484375,1075.88439941406,-907.27978515625,3001.08984375,1116.75817871093,-944.924255371093,2984.12817382812,1248.02624511718,-942.649597167968,2975.23828125,1092.08825683593,-947.805419921875,3032.38110351562,1182.14318847656,-966.552612304687,3132.55297851562
1176.94201660156,-254.874816894531,3104.87451171875,1168.22863769531,-435.701751708984,3070.13525390625,1176.62829589843,-582.27685546875,3057.35717773437,1221.53234863281,-802.016418457031,3061.88012695312,1233.82922363281,-762.581970214843,3032.57739257812,1311.38146972656,-776.6015625,2907.6513671875,1313.48010253906,-835.041564941406,2628.169921875,1148.74768066406,-1007.82684326171,2649.16845703125,1151.83972167968,-1098.74365234375,2689.466796875,1155.12390136718,-1202.912109375,2729.51123046875,1071.65222167968,-1111.11938476562,2678.19482421875,1196.23303222656,-768.437316894531,3090.77856445312,1132.30773925781,-795.736206054687,3207.53881835937,1050.26794433593,-730.893310546875,3479.03173828125,912.256713867187,-922.515197753906,3423.08764648437,888.044555664062,-1021.00799560546,3457.57763671875,860.427856445312,-1125.17822265625,3478.29907226562,865.200073242187,-1024.43408203125,3382.92749023437,1243.04040527343,-245.293914794921,3038.42456054687,1277.16589355468,166.253341674804,3062.32421875,1323.82995605468,556.649963378906,3103.466796875,1218.60412597656,638.443237304687,2963.08569335937,1117.33825683593,-263.514343261718,3164.79565429687,1120.20202636718,144.21499633789,3231.78344726562,1140.28063964843,535.501220703125,3309.73779296875,1008.42443847656,607.777160644531,3214.30224609375,1226.86291503906,-886.045471191406,3055.98706054687,1070.68273925781,-909.462036132812,3004.73583984375,1110.45642089843,-947.107971191406,2986.1455078125,1239.63342285156,-943.041625976562,2964.82250976562,1090.58410644531,-947.67919921875,3036.37744140625,1189.58923339843,-959.066162109375,3128.00610351562
1176.98596191406,-252.848358154296,3103.02172851562,1167.37854003906,-433.692993164062,3066.62817382812,1174.87585449218,-580.497253417968,3052.48022460937,1216.54040527343,-801.290161132812,3059.17944335937,1229.54553222656,-762.236633300781,3029.494140625,1308.55993652343,-776.4248046875,2905.14379882812,1315.41271972656,-831.922180175781,2624.53784179687,1148.16076660156,-1003.59356689453,2639.55786132812,1148.53234863281,-1088.20434570312,2692.29516601562,1175.51208496093,-1187.15185546875,2736.998046875,1061.18103027343,-1095.47412109375,2665.09765625,1191.60925292968,-766.998718261718,3087.74560546875,1127.97082519531,-790.363891601562,3205.83569335937,1057.52868652343,-720.359130859375,3479.935546875,896.311645507812,-891.036987304687,3416.55249023437,887.586303710937,-990.586975097656,3455.76635742187,873.780151367187,-1076.65869140625,3522.80639648437,860.736450195312,-1006.69696044921,3381.0234375,1243.59777832031,-243.068206787109,3036.83764648437,1280.12268066406,168.87483215332,3064.8203125,1328.26281738281,559.611877441406,3108.78393554687,1220.54211425781,640.163940429687,2969.02734375,1116.91931152343,-261.667602539062,3162.70288085937,1119.83020019531,146.458999633789,3232.47875976562,1137.22424316406,538.486572265625,3311.57690429687,1006.57751464843,611.335021972656,3214.24536132812,1220.63195800781,-885.614379882812,3054.0654296875,1063.42541503906,-908.472473144531,3004.62084960937,1103.42004394531,-944.3896484375,2982.96484375,1232.30358886718,-937.0048828125,2959.2294921875,1084.59899902343,-948.259033203125,3033.57446289062,1185.90734863281,-963.516174316406,3122.49609375
1176.90979003906,-252.733917236328,3102.97583007812,1167.25988769531,-433.541778564453,3066.6162109375,1174.70080566406,-580.316589355468,3052.47143554687,1216.09826660156,-801.108093261718,3059.22192382812,1229.13586425781,-762.087585449218,3029.5263671875,1308.01770019531,-776.355590820312,2905.13940429687,1314.39880371093,-831.477478027343,2624.51245117187,1146.90759277343,-1002.84075927734,2639.546875,1146.72351074218,-1087.18579101562,2692.66772460937,1173.09362792968,-1186.02172851562,2737.91674804687,1059.25988769531,-1093.98876953125,2665.1376953125,1191.22326660156,-766.786010742187,3087.7802734375,1127.54675292968,-789.632690429687,3205.91650390625,1057.77282714843,-717.298767089843,3479.51391601562,894.217163085937,-886.329467773437,3417.93920898437,882.080932617187,-982.974975585937,3463.01000976562,864.634643554687,-1064.2978515625,3534.9140625,852.306762695312,-1000.08575439453,3394.14477539062,1243.50378417968,-242.980377197265,3036.79956054687,1279.99841308593,168.882736206054,3064.650390625,1328.02868652343,559.57421875,3108.35571289062,1220.17907714843,640.100646972656,2968.74267578125,1116.85900878906,-261.529113769531,3162.64965820312,1119.86193847656,146.51528930664,3232.36328125,1137.36608886718,538.459228515625,3311.40673828125,1006.61511230468,611.323181152343,3214.29931640625,1220.08801269531,-885.420166015625,3054.13330078125,1062.80139160156,-908.081115722656,3004.97583007812,1102.69934082031,-944.063903808593,2983.28466796875,1231.52575683593,-936.884521484375,2959.33618164062,1083.96057128906,-947.868713378906,3033.91674804687,1185.37121582031,-963.205200195312,3122.66284179687
1177.25939941406,-252.871520996093,3102.11157226562,1167.65979003906,-432.970031738281,3064.7734375,1175.28991699218,-579.286499023437,3050.16357421875,1217.22497558593,-799.23046875,3060.19140625,1230.16223144531,-760.71435546875,3030.03173828125,1307.40979003906,-779.754150390625,2905.73510742187,1310.87707519531,-814.879211425781,2622.642578125,1141.47521972656,-983.858764648437,2631.65112304687,1134.60070800781,-1067.92553710937,2684.25927734375,1156.44421386718,-1163.99096679687,2736.583984375,1043.75524902343,-1073.84594726562,2648.23706054687,1192.26403808593,-764.663696289062,3088.12475585937,1123.58312988281,-785.174682617187,3203.42700195312,1093.78210449218,-654.235412597656,3461.23071289062,899.876098632812,-794.494323730468,3422.23315429687,902.468872070312,-861.424438476562,3505.72045898437,903.276977539062,-920.141662597656,3598.31713867187,848.593872070312,-861.591247558593,3487.41650390625,1244.06701660156,-242.842224121093,3036.55981445312,1278.86560058593,167.926544189453,3065.98999023437,1327.27014160156,556.939758300781,3114.28686523437,1216.17517089843,643.247497558593,2981.5732421875,1117.01574707031,-261.915374755859,3161.22265625,1123.32995605468,144.97541809082,3230.79736328125,1145.48864746093,535.317749023437,3311.09790039062,1011.38610839843,610.406372070312,3221.4287109375,1221.46569824218,-883.366577148437,3056.35546875,1065.91833496093,-893.826782226562,2999.65673828125,1103.70275878906,-933.027893066406,2980.3037109375,1233.36437988281,-936.475830078125,2962.86767578125,1082.28747558593,-934.754638671875,3029.81909179687,1177.34167480468,-957.15380859375,3123.40625
1174.87487792968,-251.114135742187,3101.62377929687,1164.26037597656,-431.308319091796,3063.75756835937,1170.92663574218,-577.832214355468,3048.69116210937,1210.36560058593,-798.511291503906,3059.64477539062,1223.77111816406,-760.218505859375,3029.28784179687,1302.40710449218,-776.381469726562,2905.21020507812,1318.66174316406,-798.407409667968,2620.84252929687,1142.90026855468,-961.479736328125,2623.60693359375,1130.42614746093,-1038.11987304687,2685.89990234375,1145.61486816406,-1129.04614257812,2748.9873046875,1046.73718261718,-1049.52758789062,2653.32299804687,1185.76867675781,-763.49462890625,3087.47021484375,1119.76965332031,-781.077392578125,3205.02368164062,1097.16271972656,-641.606079101562,3459.51977539062,886.274536132812,-750.5517578125,3408.3916015625,869.092651367187,-802.103515625,3500.78100585937,850.307495117187,-848.956420898437,3598.28979492187,898.291625976562,-826.233947753906,3509.28784179687,1242.07531738281,-241.334381103515,3036.2470703125,1279.06066894531,169.791397094726,3066.12158203125,1324.15637207031,560.540893554687,3107.63598632812,1215.41540527343,646.930603027343,2972.65209960937,1114.27746582031,-259.932983398437,3160.57690429687,1122.63635253906,147.123229980468,3232.35229492187,1145.14465332031,537.799743652343,3313.69311523437,1009.27404785156,610.000366210937,3223.8212890625,1213.63635253906,-882.823364257812,3056.15014648437,1060.07824707031,-907.568664550781,2997.81079101562,1100.17248535156,-946.975036621093,2984.10546875,1230.45495605468,-946.177795410156,2969.9052734375,1077.51892089843,-943.802307128906,3033.07739257812,1171.10681152343,-950.213073730468,3130.78442382812
1175.48278808593,-252.867889404296,3100.69409179687,1165.54650878906,-433.556091308593,3062.48583984375,1172.58044433593,-580.43505859375,3047.01171875,1210.80920410156,-801.959594726562,3058.05908203125,1223.81555175781,-763.787109375,3027.14526367187,1302.48425292968,-775.607299804687,2902.10961914062,1321.02893066406,-783.585693359375,2616.34130859375,1141.08874511718,-943.057250976562,2618.44555664062,1134.55847167968,-1021.69805908203,2679.58544921875,1156.27136230468,-1113.79077148437,2739.54931640625,1039.92712402343,-1025.00561523437,2646.443359375,1187.04406738281,-766.550720214843,3086.36889648437,1119.56579589843,-780.101196289062,3204.05639648437,1133.05407714843,-611.866394042968,3442.21801757812,902.205200195312,-687.384643554687,3425.10546875,896.984985351562,-738.463806152343,3519.533203125,900.668090820312,-772.003479003906,3624.34228515625,939.849731445312,-756.133972167968,3525.30004882812,1242.95690917968,-242.744140625,3035.271484375,1279.29626464843,169.737731933593,3063.22924804687,1324.02233886718,561.55078125,3105.65625,1211.64221191406,642.859436035156,2969.72265625,1114.63830566406,-261.996917724609,3159.6884765625,1121.04040527343,146.519348144531,3230.01879882812,1142.66247558593,538.796752929687,3309.36596679687,1006.25500488281,612.41259765625,3220.47241210937,1213.41052246093,-886.542724609375,3054.85424804687,1061.63732910156,-902.59228515625,2988.08862304687,1100.64611816406,-943.592224121093,2975.2705078125,1231.74890136718,-948.57275390625,2967.58178710937,1075.62145996093,-940.598327636718,3023.25634765625,1163.95666503906,-953.925842285156,3125.57177734375
1173.97668457031,-252.563385009765,3102.78515625,1161.94177246093,-431.902740478515,3062.93823242187,1166.91101074218,-578.068359375,3046.3818359375,1203.79602050781,-798.737426757812,3058.205078125,1215.04724121093,-761.304626464843,3026.10131835937,1293.07653808593,-769.710571289062,2901.18920898437,1324.36022949218,-775.641784667968,2617.79956054687,1133.77966308593,-920.421264648437,2620.1103515625,1135.68249511718,-998.773376464843,2681.19799804687,1167.80090332031,-1084.46728515625,2744.90673828125,1032.30432128906,-1006.41815185546,2639.51708984375,1182.28723144531,-762.875305175781,3087.31567382812,1113.57897949218,-782.8564453125,3202.63232421875,1132.70959472656,-606.281433105468,3432.59936523437,891.667358398437,-630.740234375,3425.72045898437,879.712524414062,-672.155700683593,3523.64624023437,886.942016601562,-691.2333984375,3631.3349609375,893.231079101562,-704.4404296875,3533.4404296875,1242.58361816406,-243.017120361328,3039.09912109375,1278.66882324218,167.722854614257,3064.88623046875,1323.52331542968,557.210815429687,3111.49145507812,1215.35949707031,637.9892578125,2973.10693359375,1112.11096191406,-261.171661376953,3160.2138671875,1121.21813964843,145.373840332031,3230.53466796875,1146.94445800781,535.084167480468,3312.05541992187,1012.56091308593,607.74560546875,3220.95654296875,1205.48913574218,-882.99169921875,3056.11206054687,1060.78137207031,-896.918090820312,2976.34228515625,1100.60876464843,-937.428527832031,2965.90307617187,1231.28820800781,-942.378784179687,2969.50659179687,1071.63220214843,-935.711181640625,3011.3837890625,1150.37487792968,-951.88232421875,3120.10009765625
1172.60729980468,-252.913635253906,3101.23828125,1161.83825683593,-433.53482055664,3063.51904296875,1168.32092285156,-580.387268066406,3048.46899414062,1205.81726074218,-801.740051269531,3062.18969726562,1216.49108886718,-764.517883300781,3029.337890625,1294.40124511718,-775.407409667968,2903.85693359375,1335.02331542968,-748.154724121093,2621.77099609375,1146.99011230468,-897.463500976562,2612.28491210937,1129.04309082031,-968.454528808593,2680.03833007812,1139.44836425781,-1049.49755859375,2756.56127929687,1021.23889160156,-955.900268554687,2643.3984375,1184.70690917968,-765.427612304687,3091.38549804687,1122.19616699218,-783.374450683593,3211.10864257812,1138.19299316406,-586.307983398437,3425.59619140625,895.029418945312,-582.18994140625,3433.67016601562,884.376831054687,-611.782775878906,3536.37768554687,895.938598632812,-620.604064941406,3645.44799804687,916.006958007812,-636.468078613281,3545.5947265625,1239.86315917968,-243.21923828125,3035.61401367187,1276.43591308593,169.046325683593,3062.46508789062,1321.08947753906,560.278747558593,3107.83374023437,1213.19006347656,646.246398925781,2971.31616210937,1111.95983886718,-261.655487060546,3160.41430664062,1122.48303222656,146.252853393554,3232.18725585937,1147.44494628906,537.842468261718,3312.63818359375,1008.43103027343,606.16552734375,3223.78833007812,1207.57824707031,-886.342834472656,3061.01904296875,1058.29382324218,-890.561584472656,2987.46020507812,1095.39172363281,-933.187622070312,2974.44482421875,1226.12121582031,-945.56494140625,2971.94506835937,1068.52453613281,-930.753845214843,3021.416015625,1151.34460449218,-953.573303222656,3126.51342773437
1175.89172363281,-252.790435791015,3104.19702148437,1163.24084472656,-432.433654785156,3064.36083984375,1168.18957519531,-578.874206542968,3047.84594726562,1202.33361816406,-800.275756835937,3061.75439453125,1214.53991699218,-763.134399414062,3029.51635742187,1299.09094238281,-774.252075195312,2908.81420898437,1325.95007324218,-726.613891601562,2628.40600585937,1138.86169433593,-875.390808105468,2609.4501953125,1120.33093261718,-931.879028320312,2689.30029296875,1121.95910644531,-1000.1841430664,2777.67944335937,1021.45129394531,-934.719177246093,2648.43481445312,1180.76940917968,-763.895812988281,3090.33935546875,1111.26110839843,-778.373901367187,3206.28759765625,1140.63415527343,-586.852294921875,3423.52856445312,903.550170898437,-535.166748046875,3432.50805664062,891.648803710937,-545.964050292968,3538.48486328125,904.822875976562,-539.9931640625,3647.33129882812,925.845581054687,-575.417053222656,3548.60717773437,1243.66516113281,-243.190643310546,3039.38305664062,1277.68249511718,168.60806274414,3063.05737304687,1319.99108886718,559.715148925781,3104.25927734375,1207.27209472656,648.023071289062,2973.8486328125,1114.77770996093,-261.446990966796,3162.64233398437,1124.42004394531,145.575469970703,3234.52465820312,1150.74182128906,535.806640625,3316.9140625,1012.72814941406,607.103515625,3229.61157226562,1203.06140136718,-884.709777832031,3060.255859375,1059.18420410156,-895.177185058593,2977.86938476562,1097.85363769531,-937.2763671875,2968.88037109375,1228.43566894531,-946.613464355468,2975.05249023437,1068.07141113281,-933.744262695312,3013.849609375,1144.34802246093,-950.635681152343,3124.50317382812
1172.59216308593,-252.401306152343,3098.95581054687,1158.98376464843,-432.005676269531,3059.39892578125,1163.44226074218,-578.403686523437,3042.58227539062,1199.18811035156,-799.038024902343,3062.69189453125,1212.22399902343,-762.493774414062,3030.11083984375,1300.26843261718,-774.143310546875,2912.013671875,1330.90710449218,-703.77197265625,2636.873046875,1137.88854980468,-845.573486328125,2626.21020507812,1100.92150878906,-910.527709960937,2691.94848632812,1088.92175292968,-989.844543457031,2769.66577148437,1001.06359863281,-881.480041503906,2658.89111328125,1176.22448730468,-762.273620605468,3089.6328125,1113.07971191406,-777.648742675781,3209.02905273437,1132.08288574218,-575.9990234375,3418.041015625,903.954223632812,-493.169677734375,3424.2470703125,896.847778320312,-481.116088867187,3530.50073242187,917.548461914062,-455.508331298828,3635.23168945312,913.250366210937,-492.073974609375,3545.04052734375,1238.62145996093,-242.744720458984,3032.39575195312,1275.49450683593,168.549026489257,3059.19897460937,1320.61901855468,559.093322753906,3102.10400390625,1210.18688964843,644.569702148437,2967.94970703125,1113.05090332031,-261.10903930664,3158.97607421875,1123.87561035156,145.791961669921,3230.99365234375,1150.20959472656,536.229675292968,3312.078125,1015.28479003906,606.196105957031,3219.11328125,1200.79089355468,-883.458679199218,3063.10986328125,1064.02990722656,-895.623718261718,2969.63720703125,1103.27526855468,-937.832641601562,2964.57885742187,1232.91271972656,-946.903137207031,2981.41064453125,1069.97692871093,-933.496154785156,3006.92456054687,1137.08312988281,-948.229797363281,3123.6357421875
1173.06115722656,-251.796600341796,3099.95336914062,1159.62268066406,-431.154083251953,3060.32055664062,1164.26379394531,-577.355529785156,3043.50024414062,1200.02526855468,-797.701599121093,3063.53173828125,1212.96105957031,-761.209228515625,3030.95385742187,1300.04382324218,-769.642883300781,2912.10961914062,1327.35778808593,-686.218627929687,2640.67211914062,1136.07629394531,-828.8369140625,2620.63696289062,1096.92126464843,-889.640014648437,2688.83935546875,1082.18981933593,-965.509521484375,2769.27514648437,1004.69885253906,-870.969055175781,2669.43920898437,1177.15710449218,-760.98095703125,3090.48974609375,1110.23376464843,-773.358032226562,3207.9619140625,1127.80139160156,-563.079528808593,3407.87890625,908.818725585937,-459.163635253906,3414.10620117187,907.041381835937,-432.028533935546,3517.6279296875,931.848510742187,-396.439575195312,3618.32568359375,913.952514648437,-431.149353027343,3529.22143554687,1239.03015136718,-242.058868408203,3033.5166015625,1276.83190917968,168.576873779296,3060.91821289062,1322.64074707031,558.478271484375,3104.26879882812,1212.73376464843,645.621398925781,2971.1181640625,1113.57409667968,-260.577484130859,3159.86206054687,1123.93859863281,145.878143310546,3231.41870117187,1151.21276855468,535.604858398437,3313.08544921875,1016.59265136718,607.551452636718,3221.64038085937,1201.63171386718,-882.013732910156,3063.9599609375,1060.42736816406,-892.636047363281,2977.55126953125,1099.23596191406,-934.752990722656,2969.88037109375,1229.38049316406,-944.196960449218,2979.90673828125,1068.19494628906,-931.012817382812,3013.87719726562,1141.06359863281,-947.521240234375,3126.62646484375
1172.89538574218,-253.453430175781,3100.51977539062,1157.94445800781,-432.576629638671,3059.07250976562,1160.85876464843,-578.851440429687,3040.57080078125,1196.81604003906,-799.516174316406,3060.66381835937,1209.68493652343,-762.97705078125,3027.98852539062,1296.39807128906,-768.606994628906,2908.42407226562,1317.10705566406,-660.26025390625,2644.85131835937,1130.54040527343,-809.994750976562,2628.06665039062,1088.97814941406,-872.559020996093,2693.4189453125,1071.37365722656,-950.570068359375,2771.43408203125,996.218872070312,-852.984008789062,2658.1376953125,1173.95446777343,-762.734985351562,3087.69506835937,1104.41149902343,-773.893798828125,3204.00732421875,1134.70690917968,-561.79150390625,3401.115234375,926.945922851562,-436.368408203125,3410.00146484375,889.180297851562,-364.1142578125,3479.60791015625,863.249389648437,-285.515960693359,3551.78466796875,879.906127929687,-342.374053955078,3427.50561523437,1239.68884277343,-243.796020507812,3034.689453125,1277.29919433593,167.560577392578,3061.27563476562,1323.49743652343,558.013854980468,3104.8720703125,1213.94567871093,647.379821777343,2972.46459960937,1112.66467285156,-262.161895751953,3159.88159179687,1124.86901855468,144.725524902343,3232.41162109375,1152.18786621093,535.13134765625,3313.869140625,1013.65856933593,606.053283691406,3227.03637695312,1198.46301269531,-883.959167480468,3061.13012695312,1063.06018066406,-894.824951171875,2965.46411132812,1101.55920410156,-937.868408203125,2961.68212890625,1230.72399902343,-949.211364746093,2980.8828125,1067.62805175781,-932.271118164062,3003.39184570312,1132.45642089843,-946.6142578125,3121.474609375
1172.72814941406,-256.391632080078,3100.98974609375,1158.29455566406,-437.116088867187,3062.50512695312,1161.99182128906,-584.409423828125,3046.84155273437,1192.41149902343,-807.078979492187,3065.88427734375,1206.43933105468,-770.511596679687,3033.34375,1294.36511230468,-774.302612304687,2913.7216796875,1315.89465332031,-646.9609375,2657.32983398437,1117.25378417968,-782.88134765625,2646.16064453125,1103.51818847656,-853.789123535156,2715.37426757812,1106.21984863281,-915.015747070312,2809.421875,981.414672851562,-831.590148925781,2687.90454101562,1170.23425292968,-769.715454101562,3093.14575195312,1103.92736816406,-783.86572265625,3211.75708007812,1136.73889160156,-562.056457519531,3399.60888671875,943.213012695312,-413.449035644531,3399.28930664062,903.800415039062,-322.658935546875,3441.77783203125,891.047241210937,-230.267395019531,3500.732421875,912.264526367187,-307.258026123046,3405.51123046875,1239.93835449218,-247.666931152343,3034.81127929687,1277.39880371093,165.69677734375,3061.1796875,1322.35559082031,558.385864257812,3103.06005859375,1210.88879394531,644.594360351562,2968.8203125,1112.12121582031,-264.259063720703,3160.66577148437,1124.55261230468,144.957489013671,3231.25805664062,1152.59484863281,537.488708496093,3311.59399414062,1014.72717285156,603.973266601562,3218.6689453125,1191.92468261718,-891.939331054687,3065.85107421875,1050.15539550781,-898.920166015625,2977.98876953125,1089.76843261718,-940.229919433593,2967.71875,1220.82653808593,-948.683410644531,2977.5625,1058.39489746093,-939.670227050781,3012.05395507812,1131.69958496093,-962.486083984375,3124.44897460937
1172.53430175781,-254.683166503906,3101.55908203125,1158.12097167968,-435.41860961914,3063.11694335937,1161.72961425781,-582.710632324218,3047.4189453125,1189.96960449218,-805.793151855468,3064.92749023437,1204.46765136718,-769.121765136718,3032.71166992187,1292.44982910156,-770.503234863281,2913.07885742187,1330.22351074218,-626.48876953125,2667.62084960937,1122.11242675781,-744.2568359375,2637.99267578125,1126.20544433593,-804.760986328125,2717.55151367187,1145.10070800781,-848.645202636718,2819.12963867187,988.244750976562,-783.5966796875,2656.9501953125,1168.04162597656,-768.422912597656,3092.38061523437,1097.84826660156,-780.239501953125,3208.99462890625,1133.84509277343,-554.043334960937,3390.93994140625,958.233032226562,-384.74331665039,3396.82250976562,935.329956054687,-284.407257080078,3428.59716796875,942.076049804687,-182.470596313476,3470.28588867187,927.792602539062,-272.87939453125,3395.68286132812,1239.82434082031,-245.989624023437,3035.45703125,1276.94812011718,167.454376220703,3061.04052734375,1323.09631347656,559.796020507812,3104.8427734375,1212.21520996093,645.392944335937,2969.7294921875,1111.85607910156,-262.522521972656,3161.16625976562,1123.83337402343,146.58885192871,3232.44702148437,1152.15075683593,538.855529785156,3313.97265625,1015.04675292968,608.017395019531,3221.87573242187,1188.68078613281,-890.642700195312,3064.26416015625,1050.26501464843,-908.11328125,2972.59619140625,1092.74768066406,-946.900451660156,2964.11474609375,1223.73791503906,-946.658203125,2977.75756835937,1060.13244628906,-947.742309570312,3007.5400390625,1131.47229003906,-964.104675292968,3122.2998046875
1171.13391113281,-247.087493896484,3099.10864257812,1152.56945800781,-426.378631591796,3061.81396484375,1152.88220214843,-572.761474609375,3046.7822265625,1184.28210449218,-793.952087402343,3062.98779296875,1197.97570800781,-757.176391601562,3031.09106445312,1279.55773925781,-758.676818847656,2908.22875976562,1338.98669433593,-603.852905273437,2676.30908203125,1125.04162597656,-707.02783203125,2647.23071289062,1122.37268066406,-763.102661132812,2729.19848632812,1136.11315917968,-804.021484375,2831.98681640625,989.448364257812,-721.415100097656,2660.80859375,1162.10144042968,-757.290100097656,3090.537109375,1095.88879394531,-773.7109375,3207.82495117187,1122.57141113281,-541.625610351562,3380.50463867187,970.227416992187,-353.936279296875,3397.4189453125,955.463745117187,-253.316619873046,3430.59252929687,967.760375976562,-155.713256835937,3478.86596679687,961.623657226562,-242.736999511718,3392.5283203125,1237.36071777343,-240.122283935546,3032.65771484375,1280.10656738281,169.697235107421,3061.33959960937,1331.07751464843,558.528015136718,3106.40771484375,1221.34240722656,638.070983886718,2968.60400390625,1111.41442871093,-253.36831665039,3159.0302734375,1124.57897949218,152.370483398437,3232.77001953125,1152.60241699218,541.575317382812,3315.5244140625,1016.71203613281,606.795532226562,3221.16235351562,1184.24133300781,-878.224792480468,3061.9404296875,1051.12805175781,-913.816589355468,2969.7451171875,1095.84973144531,-950.213806152343,2966.56713867187,1225.17272949218,-940.189331054687,2983.37182617187,1062.18566894531,-948.611877441406,3008.68603515625,1130.15515136718,-948.25,3125.53369140625
1172.81750488281,-249.100555419921,3100.73095703125,1155.66613769531,-428.750793457031,3063.01782226562,1156.79675292968,-575.384521484375,3048.13671875,1180.39196777343,-797.878845214843,3064.75024414062,1195.97229003906,-761.518249511718,3033.11474609375,1280.20666503906,-748.236328125,2912.48413085937,1350.94860839843,-591.875,2684.23193359375,1119.46423339843,-653.814697265625,2679.03198242187,1112.92053222656,-696.584289550781,2768.64282226562,1135.64392089843,-749.060485839843,2864.552734375,990.331420898437,-656.599243164062,2704.63842773437,1158.89709472656,-760.435363769531,3091.94262695312,1093.20593261718,-763.280639648437,3210.88110351562,1123.36096191406,-530.800720214843,3383.25024414062,977.443725585937,-337.087280273437,3393.029296875,981.549194335937,-233.50308227539,3420.10913085937,1014.32092285156,-135.757278442382,3457.77465820312,985.732543945312,-228.776092529296,3378.82666015625,1240.88781738281,-242.002746582031,3035.96240234375,1278.80725097656,169.218887329101,3060.73608398437,1324.66662597656,559.976257324218,3099.84155273437,1206.13000488281,644.718811035156,2972.375,1111.43542480468,-255.501007080078,3159.13525390625,1123.89587402343,151.012756347656,3232.47021484375,1153.26379394531,540.165649414062,3318.0703125,1018.34655761718,607.598876953125,3223.32470703125,1177.50891113281,-882.237731933593,3063.61279296875,1048.77380371093,-924.854064941406,2967.7685546875,1095.77038574218,-958.482177734375,2965.283203125,1224.02502441406,-940.78515625,2985.29077148437,1061.05041503906,-959.415893554687,3006.6708984375,1126.25720214843,-956.267822265625,3125.29077148437
1174.03674316406,-255.610290527343,3099.921875,1156.55432128906,-437.564880371093,3063.83056640625,1157.74499511718,-585.833923339843,3049.6025390625,1184.77453613281,-810.589660644531,3062.4248046875,1201.34851074218,-772.84765625,3032.07299804687,1288.48498535156,-743.763427734375,2914.38525390625,1363.86657714843,-587.088806152343,2684.03173828125,1123.60192871093,-613.502136230468,2699.82470703125,1122.15124511718,-653.684387207031,2792.00244140625,1108.52770996093,-697.203857421875,2895.22680664062,1020.89025878906,-638.43359375,2778.93334960937,1161.11437988281,-773.770324707031,3089.6923828125,1086.62170410156,-748.868530273437,3202.36254882812,1117.64709472656,-530.214233398437,3396.5302734375,992.336547851562,-319.564575195312,3386.88891601562,1019.18469238281,-216.099655151367,3404.17822265625,1072.82873535156,-123.563232421875,3433.55859375,1026.08679199218,-213.850112915039,3370.11108398437,1240.62829589843,-248.578308105468,3032.2138671875,1281.14782714843,166.39793395996,3063.1748046875,1331.39147949218,560.258117675781,3107.98364257812,1223.19665527343,639.9677734375,2965.78759765625,1113.98815917968,-261.951385498046,3160.9775390625,1119.98474121093,150.059860229492,3229.09790039062,1141.82214355468,546.08056640625,3304.7646484375,1001.02160644531,612.384460449218,3214.30786132812,1183.43664550781,-895.830078125,3059.21459960937,1046.08605957031,-914.964477539062,2964.70678710937,1088.67395019531,-954.462341308593,2958.13012695312,1220.04699707031,-954.732299804687,2974.5615234375,1054.99035644531,-953.895324707031,3001.10278320312,1124.20056152343,-967.671203613281,3118.3369140625
1173.22644042968,-260.243774414062,3098.64331054687,1160.42590332031,-443.608856201171,3065.7578125,1161.80163574218,-592.124450683593,3050.71752929687,1190.24426269531,-817.090209960937,3065.45629882812,1207.31970214843,-779.300354003906,3035.2529296875,1281.20568847656,-743.126892089843,2910.27612304687,1383.75622558593,-579.183654785156,2695.18627929687,1143.51501464843,-552.119323730468,2717.17041015625,1134.10510253906,-603.568786621093,2803.32250976562,1077.73474121093,-614.094299316406,2900.80249023437,1137.48596191406,-572.987365722656,2867.48022460937,1165.58801269531,-780.228576660156,3091.98828125,1081.14782714843,-748.201599121093,3195.86669921875,1106.78015136718,-530.107666015625,3392.41430664062,1006.78234863281,-305.740417480468,3382.7763671875,1045.80041503906,-205.782974243164,3398.97265625,1106.45129394531,-119.296783447265,3433.60620117187,1049.30871582031,-196.194885253906,3361.50146484375,1240.07385253906,-252.768280029296,3030.94067382812,1279.30261230468,163.352569580078,3060.56298828125,1326.51892089843,558.728820800781,3103.07299804687,1219.16198730468,646.1396484375,2964.21557617187,1112.94714355468,-266.984741210937,3159.69360351562,1120.13098144531,145.646697998046,3229.54296875,1146.05212402343,541.609802246093,3308.86328125,1004.45837402343,607.560485839843,3218.6005859375,1189.62097167968,-902.540954589843,3062.6708984375,1050.68322753906,-896.684143066406,2968.07299804687,1089.51086425781,-938.835998535156,2955.91967773437,1220.59924316406,-953.286010742187,2970.5087890625,1055.99743652343,-940.718627929687,2999.1396484375,1123.91052246093,-975.814331054687,3112.98999023437
1171.50305175781,-263.179046630859,3097.93505859375,1158.58190917968,-446.211395263671,3064.22241210937,1160.78161621093,-594.68994140625,3050.31127929687,1186.69348144531,-819.538879394531,3068.0029296875,1205.51721191406,-782.134887695312,3038.44482421875,1289.52209472656,-745.024353027343,2920.49609375,1358.66320800781,-567.107543945312,2703.54028320312,1143.35754394531,-475.508728027343,2767.39184570312,1131.82897949218,-529.705017089843,2851.4697265625,1104.01184082031,-571.8681640625,2952.54296875,1126.31164550781,-538.098388671875,2895.38720703125,1161.06457519531,-782.3349609375,3092.99926757812,1078.40588378906,-750.031860351562,3198.0517578125,1110.13537597656,-529.658752441406,3390.7255859375,1016.67443847656,-303.326965332031,3371.70874023437,1055.27404785156,-205.357864379882,3397.53100585937,1113.77966308593,-122.416809082031,3442.62133789062,1057.10070800781,-191.140853881835,3351.1103515625,1240.65148925781,-256.040222167968,3032.67431640625,1279.44689941406,159.849899291992,3060.64721679687,1327.26770019531,554.686157226562,3104.04516601562,1221.46252441406,644.694091796875,2965.91137695312,1109.14880371093,-269.616455078125,3156.78369140625,1121.16027832031,142.364486694335,3227.51293945312,1149.80407714843,537.402099609375,3308.60595703125,1013.44885253906,610.361694335937,3216.0302734375,1185.54797363281,-904.922912597656,3065.79223632812,1049.98620605468,-905.005432128906,2966.50439453125,1090.67517089843,-945.782836914062,2956.14111328125,1221.49450683593,-955.293640136718,2975.36401367187,1055.80139160156,-948.492004394531,2998.16064453125,1120.88098144531,-980.017211914062,3114.53198242187
1172.04797363281,-259.701965332031,3098.99194335937,1158.98498535156,-442.314208984375,3066.3984375,1161.41589355468,-590.416076660156,3053.712890625,1185.67175292968,-815.072387695312,3065.990234375,1204.47521972656,-777.263244628906,3037.23168945312,1287.36755371093,-736.159362792968,2920.43530273437,1360.22473144531,-557.879211425781,2706.25073242187,1149.89367675781,-451.568878173828,2760.140625,1132.00158691406,-503.357238769531,2844.234375,1099.98571777343,-546.551696777343,2943.20068359375,1136.41296386718,-516.4482421875,2886.640625,1160.61730957031,-778.380737304687,3091.96362304687,1080.41516113281,-743.168640136718,3197.40502929687,1102.21105957031,-519.69677734375,3386.40551757812,1019.14782714843,-289.783782958984,3373.18872070312,1063.29309082031,-192.056411743164,3386.5859375,1115.86901855468,-104.07762145996,3428.43579101562,1067.34899902343,-171.038452148437,3350.47998046875,1240.87048339843,-252.987518310546,3033.79028320312,1278.24060058593,161.804580688476,3059.76391601562,1323.74645996093,556.018615722656,3099.25610351562,1216.15563964843,646.976989746093,2964.04931640625,1109.98767089843,-265.756652832031,3157.787109375,1119.25744628906,145.153778076171,3227.18286132812,1148.17224121093,538.633911132812,3309.25610351562,1012.48767089843,609.564697265625,3215.2587890625,1183.85998535156,-900.097045898437,3061.84741210937,1047.72985839843,-902.949157714843,2964.30883789062,1087.92907714843,-944.212280273437,2955.0830078125,1218.45520019531,-953.82958984375,2973.27392578125,1053.58288574218,-945.138671875,2997.38427734375,1119.44396972656,-972.68359375,3113.806640625
1170.99401855468,-259.531951904296,3098.02099609375,1156.54211425781,-442.53726196289,3067.42065429687,1157.60778808593,-590.818481445312,3055.24267578125,1183.34704589843,-815.377563476562,3069.49731445312,1202.00549316406,-777.654968261718,3040.45849609375,1281.33581542968,-732.754150390625,2922.43896484375,1381.31579589843,-562.556762695312,2712.34814453125,1181.78088378906,-430.61685180664,2748.64453125,1151.80920410156,-477.696228027343,2832.16381835937,1103.73937988281,-497.586303710937,2932.16040039062,1165.53527832031,-482.193054199218,2884.7890625,1157.94323730468,-778.608764648437,3095.10205078125,1078.64221191406,-741.470397949218,3200.70849609375,1106.16857910156,-511.497253417968,3381.34619140625,1030.81213378906,-278.459350585937,3374.57080078125,1064.20788574218,-176.26806640625,3386.38354492187,1114.70861816406,-84.2720260620117,3421.90966796875,1068.80310058593,-163.43862915039,3351.59692382812,1237.69470214843,-253.505279541015,3030.47680664062,1277.82067871093,161.191375732421,3059.146484375,1325.49597167968,555.307312011718,3100.28247070312,1217.54284667968,648.446350097656,2966.6298828125,1110.84729003906,-264.966491699218,3158.9287109375,1119.91369628906,146.614273071289,3226.37719726562,1147.17712402343,541.349975585937,3304.49145507812,1006.10729980468,611.18505859375,3217.59301757812,1182.11633300781,-900.512939453125,3066.06079101562,1048.47204589843,-898.956115722656,2964.89086914062,1088.56408691406,-940.328918457031,2955.39599609375,1218.58093261718,-951.79345703125,2976.67822265625,1053.08117675781,-942.260070800781,2996.77172851562,1115.65930175781,-974.136108398437,3114.02661132812
1172.96520996093,-258.77847290039,3102.55688476562,1157.72741699218,-440.777801513671,3069.576171875,1155.65246582031,-588.211547851562,3053.06225585937,1178.42199707031,-812.479187011718,3066.94995117187,1197.65124511718,-775.041809082031,3038.166015625,1278.76330566406,-733.09814453125,2920.794921875,1392.51452636718,-557.697998046875,2723.47607421875,1196.63659667968,-421.230438232421,2758.44458007812,1161.87097167968,-471.964965820312,2837.51098632812,1106.68225097656,-436.28515625,2928.7041015625,1188.98547363281,-462.680267333984,2902.79296875,1153.42102050781,-775.547058105468,3092.42797851562,1074.88415527343,-738.092956542968,3197.99853515625,1105.80139160156,-512.508544921875,3382.2578125,1026.31237792968,-281.937774658203,3367.5556640625,1069.04577636718,-183.162521362304,3374.63671875,1125.00378417968,-94.0282440185546,3408.27026367187,1068.03161621093,-163.814376831054,3335.66333007812,1239.66076660156,-252.19873046875,3035.43286132812,1279.33605957031,161.508819580078,3062.03833007812,1327.47668457031,554.562133789062,3102.02075195312,1217.48864746093,648.694091796875,2971.5546875,1112.82263183593,-264.711730957031,3163.08544921875,1120.75939941406,145.998596191406,3228.78857421875,1144.70520019531,540.417053222656,3303.74169921875,1006.02868652343,607.92919921875,3212.306640625,1176.14318847656,-897.348449707031,3063.3427734375,1046.28381347656,-904.060485839843,2958.30004882812,1087.48010253906,-944.756042480468,2952.21337890625,1216.58654785156,-951.96630859375,2978.11743164062,1050.80163574218,-945.481750488281,2992.36743164062,1110.00256347656,-969.879089355468,3112.68725585937
1170.56384277343,-260.546295166015,3097.78344726562,1155.26281738281,-442.862609863281,3065.90356445312,1153.36462402343,-590.473327636718,3050.07202148437,1176.66247558593,-814.509155273437,3068.52880859375,1195.87194824218,-777.587036132812,3039.01489257812,1278.08093261718,-738.49658203125,2921.296875,1397.35437011718,-549.967590332031,2739.69165039062,1205.97058105468,-405.769836425781,2769.21215820312,1163.99548339843,-457.703643798828,2843.96875,1106.50427246093,-413.75,2930.07763671875,1181.47766113281,-433.786315917968,2917.12524414062,1151.50451660156,-777.108093261718,3093.22534179687,1070.36120605468,-737.603698730468,3196.1630859375,1108.95227050781,-515.877258300781,3383.935546875,1029.37048339843,-284.862731933593,3375.19409179687,1061.81433105468,-183.040466308593,3360.09301757812,1096.68420410156,-78.2796859741211,3354.34594726562,1062.91027832031,-165.13426208496,3330.32739257812,1235.83190917968,-254.027404785156,3029.17724609375,1277.92077636718,159.486724853515,3059.21752929687,1329.06286621093,552.080322265625,3102.501953125,1221.03088378906,639.638305664062,2965.78002929687,1111.70886230468,-266.424682617187,3159.64916992187,1119.94396972656,144.0595703125,3228.41748046875,1148.25451660156,537.528137207031,3308.13354492187,1013.16687011718,612.399291992187,3216.8203125,1174.59387207031,-899.495849609375,3066.625,1045.67370605468,-900.0087890625,2960.04614257812,1087.48791503906,-939.640808105468,2951.34545898437,1216.53381347656,-947.132690429687,2977.9130859375,1050.44787597656,-943.820495605468,2991.00268554687,1108.95275878906,-976.380676269531,3109.82495117187
1172.48645019531,-260.924591064453,3100.83349609375,1155.57653808593,-442.894836425781,3066.65551757812,1153.80017089843,-590.647705078125,3050.57299804687,1177.64709472656,-815.330200195312,3062.37915039062,1196.76257324218,-777.464721679687,3033.91918945312,1282.95617675781,-737.736450195312,2919.08837890625,1397.65539550781,-537.870727539062,2746.36450195312,1208.41418457031,-390.251922607421,2774.99365234375,1163.50964355468,-443.029998779296,2847.576171875,1106.91296386718,-391.738616943359,2930.31909179687,1184.29479980468,-432.047973632812,2918.79467773437,1152.40441894531,-778.692749023437,3088.22705078125,1074.71472167968,-747.203552246093,3196.65161132812,1104.00744628906,-518.904724121093,3378.65478515625,1019.99060058593,-289.841278076171,3359.08984375,1060.09460449218,-189.510803222656,3359.373046875,1107.07922363281,-90.5223236083984,3343.72119140625,1043.88171386718,-164.595092773437,3291.85546875,1238.70251464843,-254.336975097656,3032.99877929687,1280.26599121093,159.768127441406,3062.11450195312,1330.22277832031,553.112915039062,3104.06201171875,1222.64611816406,642.203979492187,2967.65869140625,1112.77673339843,-266.864929199218,3162.00317382812,1121.49865722656,144.351867675781,3229.14892578125,1146.92321777343,539.102416992187,3305.72045898437,1007.63879394531,611.016052246093,3218.01049804687,1175.76501464843,-900.323303222656,3057.95776367187,1043.06848144531,-905.086853027343,2955.92041015625,1084.70324707031,-945.016052246093,2947.28076171875,1214.75964355468,-951.3310546875,2969.62622070312,1049.03601074218,-947.721557617187,2988.38208007812,1111.79260253906,-975.661560058593,3106.38427734375
1172.04016113281,-260.84487915039,3100.93676757812,1154.98205566406,-442.806976318359,3066.896484375,1153.05041503906,-590.549926757812,3050.88647460937,1176.56799316406,-815.231994628906,3062.9013671875,1195.74255371093,-777.424011230468,3034.41430664062,1282.10974121093,-737.70361328125,2919.73193359375,1398.89025878906,-537.349487304687,2749.03100585937,1211.05993652343,-387.571594238281,2775.43603515625,1164.55554199218,-439.714477539062,2847.453125,1108.76770019531,-383.612701416015,2927.56567382812,1186.18127441406,-429.134490966796,2919.1923828125,1151.37487792968,-778.538452148437,3088.70727539062,1073.71472167968,-746.795776367187,3197.060546875,1103.40173339843,-518.479125976562,3378.927734375,1020.05017089843,-289.180541992187,3359.59619140625,1060.13879394531,-188.873580932617,3361.47705078125,1106.44763183593,-88.3724594116211,3363.38989257812,1045.70666503906,-163.272705078125,3295.09448242187,1238.23913574218,-254.358306884765,3033.08959960937,1279.87854003906,159.732315063476,3061.66357421875,1330.28601074218,552.980590820312,3103.57397460937,1222.26867675781,641.040466308593,2966.87915039062,1112.34558105468,-266.694091796875,3162.11743164062,1121.36950683593,144.533050537109,3228.884765625,1146.67370605468,539.361511230468,3304.86840820312,1008.65563964843,611.843078613281,3215.67553710937,1174.56457519531,-900.217163085937,3058.55737304687,1042.01354980468,-905.468811035156,2956.38354492187,1084.15588378906,-944.753967285156,2947.30493164062,1214.25549316406,-949.67041015625,2969.66796875,1048.50573730468,-948.399780273437,2988.34057617187,1111.53820800781,-976.925109863281,3106.03881835937
1172.80993652343,-260.15151977539,3101.31518554687,1154.80993652343,-441.79833984375,3066.58276367187,1151.05993652343,-589.250549316406,3048.974609375,1174.84289550781,-813.870849609375,3059.42358398437,1193.93273925781,-775.865112304687,3031.18872070312,1279.88195800781,-735.815612792968,2916.40234375,1402.01892089843,-531.271301269531,2754.90673828125,1222.79943847656,-370.483184814453,2774.42309570312,1170.05725097656,-419.814880371093,2844.01293945312,1110.33361816406,-371.046661376953,2925.98828125,1179.92517089843,-407.830688476562,2914.78784179687,1149.64685058593,-777.402160644531,3085.49389648437,1071.74035644531,-749.001525878906,3194.51049804687,1098.96618652343,-523.384582519531,3379.86474609375,1000.72595214843,-300.158996582031,3360.91162109375,1046.26062011718,-202.29817199707,3357.6728515625,1106.59973144531,-115.206481933593,3389.46606445312,1063.47912597656,-212.065948486328,3316.47778320312,1238.94079589843,-253.730438232421,3033.46069335937,1280.57824707031,160.092636108398,3062.90258789062,1331.31213378906,553.001953125,3105.72338867187,1219.44226074218,642.00537109375,2972.93139648437,1113.17712402343,-265.941680908203,3162.50219726562,1122.37072753906,144.861633300781,3230.56225585937,1148.18005371093,539.143615722656,3308.14526367187,1010.52038574218,611.696472167968,3218.63500976562,1172.93542480468,-898.784851074218,3054.50366210937,1039.68029785156,-905.253662109375,2953.45703125,1081.67541503906,-944.708190917968,2944.61840820312,1211.86755371093,-949.512329101562,2966.06396484375,1046.34606933593,-947.722961425781,2985.9462890625,1110.18640136718,-974.685791015625,3103.49926757812
1172.61462402343,-261.583862304687,3102.66137695312,1154.94372558593,-443.575439453125,3068.24194335937,1151.70227050781,-591.288146972656,3051.05078125,1178.04626464843,-815.967712402343,3060.56103515625,1196.52990722656,-777.610290527343,3032.27563476562,1280.62536621093,-733.336242675781,2917.41040039062,1398.73352050781,-520.833435058593,2762.6513671875,1224.64221191406,-353.946746826171,2781.35668945312,1169.17810058593,-402.166046142578,2849.79296875,1111.65222167968,-348.238159179687,2930.30078125,1179.29992675781,-389.34341430664,2921.98046875,1152.61926269531,-779.81591796875,3086.9814453125,1075.21203613281,-753.442321777343,3197.08666992187,1102.45397949218,-526.719421386718,3381.70654296875,997.087280273437,-307.07241821289,3356.16064453125,1042.24304199218,-209.18814086914,3364.60668945312,1099.48522949218,-121.369308471679,3400.38916015625,1064.76818847656,-217.965026855468,3343.43237304687,1238.59924316406,-255.098571777343,3034.49462890625,1279.97668457031,159.426208496093,3062.25317382812,1329.32531738281,553.347961425781,3102.23852539062,1220.03601074218,640.733032226562,2965.888671875,1113.11364746093,-267.431976318359,3164.130859375,1121.75964355468,144.364776611328,3229.60668945312,1146.59924316406,539.755187988281,3304.60766601562,1007.91687011718,610.982238769531,3215.13061523437,1177.02575683593,-900.993530273437,3055.35717773437,1042.78088378906,-905.188171386718,2955.13549804687,1083.93273925781,-945.612854003906,2946.20239257812,1214.31652832031,-953.046081542968,2966.80126953125,1048.79162597656,-947.678039550781,2987.84375,1112.96179199218,-975.410095214843,3105.24926757812
1172.04211425781,-262.231719970703,3102.97875976562,1155.88513183593,-444.545043945312,3066.53173828125,1152.59826660156,-592.444396972656,3047.19116210937,1181.56311035156,-817.347473144531,3059.66259765625,1200.45983886718,-778.899291992187,3031.49389648437,1287.42175292968,-732.731994628906,2918.94555664062,1389.97619628906,-510.5087890625,2765.12817382812,1221.45593261718,-337.215240478515,2785.94848632812,1165.56066894531,-382.843475341796,2856.23193359375,1112.83923339843,-323.392761230468,2936.6181640625,1174.14025878906,-371.067565917968,2926.29296875,1154.81945800781,-781.177368164062,3085.04125976562,1070.53796386718,-755.111389160156,3190.59594726562,1094.51159667968,-530.228332519531,3379.28881835937,987.387573242187,-311.08120727539,3349.931640625,1046.10949707031,-221.363952636718,3366.21166992187,1116.84411621093,-136.116012573242,3374.74829101562,1009.50915527343,-209.643035888671,3321.69506835937,1240.64929199218,-255.14126586914,3037.09765625,1282.91809082031,160.506866455078,3065.71875,1332.28796386718,555.531311035156,3106.84033203125,1224.05041503906,644.048828125,2969.53735351562,1110.17614746093,-268.625518798828,3162.38671875,1121.48767089843,144.387741088867,3227.83837890625,1151.76257324218,540.135314941406,3305.47583007812,1007.60778808593,603.501220703125,3217.65844726562,1181.77209472656,-902.680725097656,3055.22729492187,1040.24182128906,-899.383911132812,2964.60620117187,1080.57556152343,-939.112854003906,2949.67749023437,1212.46154785156,-948.019836425781,2960.26879882812,1048.40441894531,-944.350891113281,2993.5947265625,1120.91223144531,-980.92529296875,3103.998046875
1172.04211425781,-262.231719970703,3102.97875976562,1155.88513183593,-444.545043945312,3066.53173828125,1152.59826660156,-592.444396972656,3047.19091796875,1181.56237792968,-817.347534179687,3059.66162109375,1200.45935058593,-778.899353027343,3031.4931640625,1287.42126464843,-732.731811523437,2918.94506835937,1389.97595214843,-510.508605957031,2765.12768554687,1221.45617675781,-337.214538574218,2785.94873046875,1165.56091308593,-382.842681884765,2856.23217773437,1112.83972167968,-323.391510009765,2936.6181640625,1174.14001464843,-371.066497802734,2926.29296875,1154.81872558593,-781.177490234375,3085.04028320312,1070.53747558593,-755.111999511718,3190.59545898437,1094.51159667968,-530.230651855468,3379.28979492187,987.388549804687,-311.082611083984,3349.935546875,1046.11071777343,-221.366149902343,3366.2197265625,1116.84069824218,-136.11474609375,3374.76171875,1009.51135253906,-209.643493652343,3321.703125,1240.64929199218,-255.141235351562,3037.09790039062,1282.91760253906,160.50698852539,3065.71875,1332.28698730468,555.531555175781,3106.84033203125,1224.04846191406,644.048950195312,2969.53833007812,1110.17614746093,-268.625518798828,3162.38671875,1121.48767089843,144.387756347656,3227.83911132812,1151.76281738281,540.135314941406,3305.47705078125,1007.60778808593,603.502502441406,3217.66088867187,1181.77136230468,-902.680786132812,3055.22607421875,1040.24133300781,-899.382629394531,2964.6044921875,1080.57531738281,-939.111877441406,2949.67602539062,1212.46081542968,-948.019836425781,2960.267578125,1048.40344238281,-944.349609375,2993.59301757812,1120.91076660156,-980.9248046875,3103.99633789062
1172.04211425781,-262.231719970703,3102.97875976562,1155.88513183593,-444.545043945312,3066.53173828125,1152.59826660156,-592.444396972656,3047.19091796875,1181.56237792968,-817.347534179687,3059.66162109375,1200.45935058593,-778.899353027343,3031.4931640625,1287.42126464843,-732.731811523437,2918.94506835937,1389.97595214843,-510.508605957031,2765.12768554687,1221.45617675781,-337.214538574218,2785.94873046875,1165.56091308593,-382.842681884765,2856.23217773437,1112.83972167968,-323.391510009765,2936.6181640625,1174.14001464843,-371.066497802734,2926.29296875,1154.81872558593,-781.177490234375,3085.04028320312,1070.53747558593,-755.111999511718,3190.59545898437,1094.51159667968,-530.230651855468,3379.28979492187,987.388549804687,-311.082611083984,3349.935546875,1046.11071777343,-221.366149902343,3366.2197265625,1116.84069824218,-136.11474609375,3374.76171875,1009.51135253906,-209.643493652343,3321.703125,1240.64929199218,-255.141235351562,3037.09790039062,1282.91760253906,160.50698852539,3065.71875,1332.28698730468,555.531555175781,3106.84033203125,1224.04846191406,644.048950195312,2969.53833007812,1110.17614746093,-268.625518798828,3162.38671875,1121.48767089843,144.387756347656,3227.83911132812,1151.76281738281,540.135314941406,3305.47705078125,1007.60778808593,603.502502441406,3217.66088867187,1181.77136230468,-902.680786132812,3055.22607421875,1040.24133300781,-899.382629394531,2964.6044921875,1080.57531738281,-939.111877441406,2949.67602539062,1212.46081542968,-948.019836425781,2960.267578125,1048.40344238281,-944.349609375,2993.59301757812,1120.91076660156,-980.9248046875,3103.99633789062
