-283.2222595,-118.6086807,3886.138184,-276.8398132,-271.7409363,3864.625488,-271.5505676,-394.7203369,3852.095215,-260.4913025,-582.2634888,3865.402588,-233.2321472,-550.0220337,3860.360107,-116.3941193,-520.0401611,3831.569824,-66.942276,-286.1562195,3849.523926,-71.48046875,-92.68307495,3794.466553,-82.7906189,-56.91760635,3869.10498,-132.9354248,-2.4161973,3811.643555,-161.1800537,-46.75630951,3815.841064,-291.083374,-552.3829346,3867.836426,-403.8832092,-536.4297485,3861.731201,-487.1564636,-328.0377502,3958.183105,-523.059021,-132.3714294,3914.127441,-544.6993408,-49.84411621,3942.60083,-511.9182434,-5.975056648,4016.697021,-481.6450806,-43.04948807,3862.438965,-204.2538452,-114.9350052,3883.416748,-219.5797577,232.0171051,3884.544434,-243.1879272,550.946228,3973.354736,-235.887558,669.9417114,3862.907227,-354.4315491,-121.9213943,3888.592285,-357.2301331,224.1025238,3913.332275,-357.6061401,556.5959473,3957.35791,-358.6168823,640.6921387,3833.727783,-257.8365784,-652.7722778,3858.835938,-289.6696167,-678.1384888,3725.512451,-261.7106323,-710.7282104,3748.181885,-190.625824,-707.800354,3832.044189,-306.3674622,-707.2503052,3755.313965,-330.3977051,-708.1937866,3866.401855
-283.8978271,-116.972641,3878.925781,-277.6876221,-270.942749,3857.320068,-272.6137695,-394.3758545,3842.723389,-262.3074951,-583.2360229,3851.734619,-234.750061,-550.8236084,3847.540527,-116.8887024,-520.3222046,3820.639648,-66.91732025,-285.813446,3845.130127,-70.84992218,-90.1326828,3793.98999,-89.15743256,-55.9490509,3868.487061,-132.008606,-1.358833194,3804.72583,-162.3974457,-43.68939209,3808.230957,-292.9543762,-553.1337891,3854.753662,-406.2715454,-536.7302246,3847.931641,-490.993927,-327.4613342,3944.568848,-526.2001343,-130.6355591,3900.020996,-547.7822266,-49.27253723,3933.060059,-510.1912537,-3.477219582,4004.270508,-483.9234314,-46.56042099,3839.541748,-204.5001984,-113.3803787,3876.147705,-219.1496124,235.4537811,3872.034668,-242.5620728,557.7112427,3955.426514,-236.9828949,678.0205078,3845.008057,-355.4941406,-120.211937,3881.430908,-358.8831177,227.7016907,3905.907959,-359.2525635,561.7854614,3951.680664,-367.8167114,651.5271606,3831.378662,-259.8936157,-653.9619141,3843.487061,-289.1270752,-682.2944946,3709.379395,-257.9910278,-712.2010498,3732.168701,-187.2362213,-702.4278564,3816.570068,-303.0236816,-713.0914917,3739.290283,-327.09552,-716.5155029,3850.947998
-282.2556458,-111.4563293,3868.887207,-275.2014465,-264.2877808,3848.210938,-269.7911377,-387.1361084,3837.612793,-265.3461609,-574.8087158,3845.088135,-236.924118,-543.4108887,3842.755615,-118.5714111,-514.6585693,3821.101074,-66.78368378,-282.6446838,3847.048828,-70.42572021,-89.1995163,3793.667725,-92.5519104,-54.73843002,3866.237793,-133.7292786,-0.042162836,3802.550537,-162.0426636,-42.46658325,3801.8479,-295.018158,-544.1104736,3846.754883,-406.585083,-526.722229,3832.550293,-494.2129517,-323.0044556,3933.497314,-528.1513062,-125.3540649,3900.44165,-549.9381104,-45.20334244,3934.368652,-526.7283325,9.577807426,4004.424072,-487.9501038,-36.57224655,3847.317871,-203.4878998,-108.2807388,3872.288086,-217.6649628,235.8161774,3834.704346,-244.3307037,541.3675537,3959.378418,-238.8766174,677.1755371,3871.016113,-353.2839966,-114.3199005,3865.820557,-357.9908447,230.1163635,3898.980225,-360.6068115,560.0903931,3954.161865,-368.7693176,655.25354,3839.599609,-264.4866028,-644.9431152,3836.296387,-289.1317749,-663.0741577,3700.650391,-259.8555603,-695.0548096,3722.241699,-192.6480103,-693.0298462,3808.924072,-304.7789307,-695.2050781,3727.618164,-332.9038391,-705.5325317,3836.968262
-282.2011719,-110.3681488,3862.557129,-275.8975525,-262.0369263,3842.305176,-271.0016174,-383.772644,3830.223145,-267.3798218,-570.0614624,3834.117188,-239.0469513,-538.9922485,3832.620361,-121.1292114,-510.4494629,3814.214111,-67.56387329,-281.5818787,3846.166016,-67.02086639,-88.01491547,3799.575439,-99.25215149,-55.08058929,3868.197021,-123.9791489,-0.270884484,3797.571777,-153.0832672,-30.42245674,3789.942871,-296.7062988,-539.5275269,3836.119629,-407.1559448,-521.4105835,3821.39917,-493.946228,-320.3922424,3923.765625,-525.5870972,-123.836113,3891.928223,-548.2993774,-42.53919983,3920.141113,-518.5437012,6.765812874,3990.822754,-478.6225586,-43.19881821,3833.461914,-204.0415497,-107.5288315,3865.621094,-215.3382416,232.3833771,3816.349365,-241.6259003,535.4440308,3940.14502,-231.3488159,673.036438,3857.539795,-352.6811218,-112.9284897,3859.794189,-356.4603882,228.8431549,3891.7229,-358.6206055,556.0820313,3946.981201,-354.9763794,649.9862671,3832.701416,-266.730072,-639.4564209,3824.076172,-288.7936707,-653.3338013,3688.624512,-260.505127,-685.975769,3709.666504,-195.473526,-687.1571045,3796.911377,-305.1603699,-685.77948,3714.155518,-335.2320557,-698.7930908,3821.745605
-281.0819397,-108.7960892,3856.759033,-275.5660095,-260.0777893,3834.121338,-271.3572388,-381.4393921,3819.031982,-268.179657,-567.6091919,3824.189209,-239.7753448,-536.6096191,3823.368164,-120.7353287,-509.1829834,3812.424072,-64.38790131,-281.594635,3847.650635,-62.26287079,-90.63355255,3791.726074,-84.30337524,-49.4637146,3859.877686,-116.8829651,0.934690237,3789.21582,-146.0855255,-28.9837265,3785.759277,-297.4857483,-537.0341797,3825.102783,-408.1394653,-519.6334229,3811.544189,-492.6419678,-319.3237915,3916.875977,-526.2067871,-122.4272385,3890.188477,-547.6328125,-38.46742249,3910.300781,-512.9864502,4.625935078,3982.731934,-471.9176025,-48.24984741,3829.669922,-203.0704651,-106.7734833,3862.250732,-210.3883972,228.8717499,3789.708984,-240.6618958,525.6660156,3926.630127,-231.6238251,660.7424316,3839.988037,-351.4283447,-110.6199646,3851.806885,-355.4797974,230.7161407,3886.346436,-359.389679,556.6564941,3947.804932,-354.3983154,647.1679077,3830.966309,-267.3431702,-637.0306396,3814.608887,-279.247345,-650.7717896,3677.94751,-252.6256409,-683.4234009,3700.996826,-194.3071899,-684.7003784,3792.797119,-297.4679871,-683.2196655,3702.14502,-335.4570313,-696.3166504,3807.128906
-277.8220825,-108.2730179,3849.64209,-273.1451721,-259.1242065,3825.883301,-270.0153809,-380.495575,3812.546387,-268.5111084,-566.3856812,3815.740479,-239.9082794,-535.6720581,3816.424561,-120.3716583,-509.8624268,3810.789307,-64.22280884,-282.6878967,3846.053955,-56.25265503,-92.39395142,3789.693604,-72.60054016,-43.48155212,3854.039795,-107.165863,0.467896461,3780.307861,-132.82341,-20.82867622,3773.958496,-297.5360718,-535.6379395,3815.799316,-406.8604736,-516.2421875,3796.937012,-493.0501709,-316.5168457,3900.979248,-525.5027466,-119.1717529,3879.5625,-532.3711548,-36.90985489,3912.263672,-484.3414917,-12.42357635,3985.520264,-466.152771,-45.5471344,3823.693115,-200.2078857,-107.2060165,3858.145752,-208.8256531,223.9704132,3769.911865,-237.5224609,519.6115723,3908.205322,-225.3800812,662.4606934,3836.195801,-347.8102112,-109.2351685,3841.973877,-354.5487671,231.7928009,3872.617188,-359.791748,553.8842773,3949.118164,-357.9919739,649.5111084,3836.690674,-267.8280334,-635.5753784,3805.445557,-263.1058655,-651.2825928,3668.816406,-242.1004486,-685.1540527,3695.445068,-196.3383179,-688.5557861,3793.834473,-286.5078125,-681.8150024,3690.79834,-338.3648071,-690.024353,3789.959961
-276.8131104,-113.8723907,3841.440186,-272.031311,-265.4959106,3815.244385,-268.5267334,-387.2164612,3797.405518,-266.042511,-574.4994507,3801.174316,-237.4258423,-543.3867188,3802.55127,-118.0456085,-512.8101196,3807.945801,-64.49571228,-283.8659363,3847.650146,-49.04455185,-93.0914917,3789.165771,-63.22465897,-43.42866516,3854.253662,-89.53968811,1.555401802,3776.940186,-118.4120865,-13.75932217,3771.823242,-295.4533386,-543.6851807,3800.365723,-405.3539734,-519.1803589,3786.266602,-491.1082764,-315.0786133,3886.366211,-520.9987793,-116.1501846,3861.697266,-542.1954346,-36.63617325,3896.799072,-522.4907227,16.12156677,3969.101074,-470.552002,-31.3871727,3811.428223,-198.568573,-112.8207932,3849.63623,-204.6461792,216.7597961,3746.333984,-229.0568695,512.9629517,3890.065918,-214.9689636,660.3288574,3825.132324,-347.3696594,-114.8206635,3834.049561,-354.1376648,228.5308838,3867.79541,-359.0230408,550.559021,3954.802002,-356.1909485,651.9207764,3845.999268,-264.6836548,-644.2366333,3791.013672,-255.2922974,-665.1317139,3654.262451,-236.4159241,-699.0009766,3683.058838,-194.2506714,-700.4970703,3783.984375,-280.7992249,-694.2390137,3676.516113,-337.0653076,-697.0963135,3774.534912
-273.8490295,-115.4230576,3831.77124,-268.1064453,-266.3805847,3804.623779,-263.600708,-387.2392883,3783.901855,-261.3273315,-573.9557495,3788.237793,-232.8096771,-542.9490967,3790.115479,-113.9311218,-512.8757324,3799.542236,-66.60292816,-284.7968445,3847.10376,-49.70684052,-93.48283386,3792.976074,-62.79257584,-38.62851715,3853.661621,-87.00659943,0.209245831,3772.746826,-108.9258575,-8.516609192,3761.347168,-290.6071167,-543.2176514,3786.735107,-399.5983887,-518.4432983,3769.181152,-487.4285583,-315.1538391,3867.365723,-518.6932373,-117.5171127,3839.205322,-535.31073,-48.68947601,3893.455078,-527.3085327,-6.235774517,3973.972656,-457.942749,-28.29477119,3816.159668,-195.7419739,-113.7254639,3838.853516,-196.4770355,213.6959076,3731.998047,-219.8395844,513.5187988,3865.806396,-202.1208801,641.7907715,3769.843506,-344.2816162,-116.9538651,3825.384521,-352.7861938,224.8733826,3863.4646,-359.188446,546.781311,3946.951416,-353.9112244,641.3748169,3832.876221,-259.8086548,-643.5150146,3778.333984,-247.7560425,-668.920105,3642.979492,-231.8608093,-702.8825073,3673.190674,-192.9381866,-703.8855591,3775.068848,-275.5343933,-695.6968994,3665.173828,-334.5263977,-692.27948,3761.164307
-265.5276184,-114.3763657,3824.258301,-261.894043,-263.8236389,3795.529297,-259.1125183,-383.5496521,3773.887939,-257.1670532,-568.7841797,3772.817383,-228.9055481,-538.151001,3776.285645,-110.9413605,-508.8797302,3786.570557,-63.21706009,-285.7992554,3846.199707,-49.04273605,-94.90592957,3795.957031,-53.28850174,-28.47180557,3844.115723,-79.40364075,1.849777937,3761.054199,-101.0618668,-12.94045925,3749.957031,-286.1270752,-538.2149658,3771.495605,-393.6410217,-513.9356689,3750.447754,-485.9918518,-313.4429321,3845.293457,-517.7322388,-116.8998032,3822.34375,-520.3595581,-43.14834595,3871.130859,-495.2351685,-5.322836399,3949.558838,-447.0431824,-40.44249725,3788.642334,-188.0696259,-113.8952026,3831.552002,-187.160202,207.81604,3716.723877,-207.9344177,514.1010132,3827.769775,-190.6454926,645.3179321,3738.131104,-335.3748474,-114.810257,3817.681396,-350.5256042,224.4882507,3850.550293,-358.2871399,539.3075562,3948.814209,-354.5703125,648.2014771,3850.032227,-255.4903564,-637.458313,3761.019287,-240.471405,-667.3919678,3628.062256,-221.7645721,-698.0609741,3659.532471,-183.7983704,-690.8825684,3760.565918,-265.5143127,-695.4224854,3651.213623,-324.605896,-693.3225098,3746.092529
-254.8845062,-114.1171494,3806.789063,-254.218811,-264.6977539,3781.294434,-254.0998993,-385.8106384,3765.82959,-248.7775726,-571.4106445,3757.703125,-220.937027,-540.3013916,3761.911865,-103.1002655,-510.9217834,3776.97876,-57.56452179,-286.6118774,3836.763428,-42.14061737,-95.6759491,3784.534668,-30.93814468,-28.40136719,3830.834717,-64.47167206,8.189148903,3752.7771,-85.68806458,-7.123961926,3739.079102,-278.4039917,-541.2653809,3757.977295,-387.0134888,-514.894165,3744.455078,-481.3722229,-310.3261719,3830.178467,-513.4105225,-114.3937836,3798.386719,-518.447876,-56.20101547,3865.214355,-528.0783081,-19.96494865,3948.045166,-416.6940002,-70.64040375,3826.530029,-177.0964203,-114.8614502,3813.216309,-178.6228943,210.2583618,3704.845947,-191.9746399,526.2451172,3789.969238,-166.8948975,655.5585938,3698.490234,-325.0294495,-113.4459915,3800.993408,-343.6896362,225.5077057,3845.252686,-352.2124329,541.8954468,3942.035156,-346.184845,666.0710449,3862.56543,-246.0273132,-639.7732544,3743.246582,-232.8582306,-674.788147,3610.872314,-212.6775208,-703.7788086,3643.247314,-172.7682648,-691.5379639,3743.421387,-256.7819519,-702.5657959,3635.725586,-314.1885681,-698.090332,3731.978271
-254.5740967,-114.1382446,3805.968018,-253.9331665,-264.7153625,3780.482422,-253.8168182,-385.7973938,3764.80957,-248.5664978,-571.3824463,3756.441162,-220.7171631,-540.291687,3760.713867,-102.8432541,-511.0153503,3775.657471,-56.85265732,-286.6274414,3834.765869,-41.37129974,-96.00545502,3781.444092,-30.42424011,-28.14113998,3826.932373,-62.94249725,7.741015434,3748.123779,-83.24235535,-7.793720722,3733.394043,-278.1794434,-541.2260132,3756.731201,-386.6338806,-514.616272,3742.48291,-480.3854065,-308.7008667,3825.58374,-510.1264038,-113.1108246,3789.751465,-512.9721069,-53.38898468,3855.34375,-521.0230103,-17.42030334,3938.456055,-411.3692017,-72.8888092,3815.968018,-176.7897644,-114.8970261,3812.407227,-177.2023315,209.8522034,3702.957031,-189.932251,526.8952026,3784.11377,-162.9892731,653.4267578,3689.342773,-324.7156372,-113.4540253,3800.161621,-343.188446,225.5433502,3844.075195,-351.79953,542.1372681,3940.135254,-345.5452271,664.4613037,3857.869873,-245.8335571,-639.7246704,3741.896484,-232.1046295,-674.0010986,3609.390625,-212.0253143,-703.1482544,3641.686035,-172.5279694,-691.4181519,3742.080078,-256.0991821,-701.9360352,3633.995361,-313.8904724,-698.0419312,3730.038574
-233.7414246,-108.4972458,3783.657715,-234.7111816,-256.9439392,3752.304199,-235.6256256,-375.836853,3728.293945,-236.4628448,-560.4597168,3726.194092,-208.0514374,-530.3905029,3731.317383,-89.74737549,-506.0455322,3745.159668,-40.21327591,-289.5987549,3822.160156,-17.92990303,-98.96284485,3776.674805,9.640306473,-22.40948296,3785.936768,-30.51364517,24.49277496,3717.874756,-42.70284653,-5.90170908,3710.053711,-264.7473145,-529.5374146,3723.546387,-369.4724426,-501.4253845,3696.138916,-470.3372803,-302.4463196,3783.174316,-500.5611267,-106.4788513,3759.047852,-442.5430908,-54.35937119,3800.185059,-425.770813,-86.07909393,3883.078857,-397.2594604,-125.5917282,3729.635742,-156.8368225,-111.0316391,3793.278564,-142.1417999,209.7147522,3680.045898,-143.6615601,530.2214966,3736.120605,-104.0995712,615.7839355,3607.678223,-303.0896912,-106.2118759,3774.982422,-324.4853821,228.8343658,3829.321533,-331.223114,536.4848633,3945.150146,-330.0714417,642.1738892,3843.584473,-235.2231598,-628.8613892,3714.11792,-221.2519684,-656.8026123,3581.078857,-205.650116,-689.5629883,3611.888428,-168.5507813,-687.9816284,3713.104736,-248.7715607,-683.0355835,3603.226074,-308.4093018,-678.109314,3697.220459
-223.5836029,-106.7483826,3766.215088,-226.2251892,-255.9236298,3732.419189,-228.3205872,-375.1624146,3705.313721,-223.9348755,-561.2557983,3702.782715,-196.4399261,-530.1837769,3709.490479,-80.08250427,-498.9612122,3732.106689,-37.19170761,-281.4701843,3815.811035,-14.09113979,-90.77545929,3764.28418,0.917422593,-10.89899254,3778.847412,-42.14336014,30.74073792,3708.1604,-40.23545456,-1.67446959,3688.872803,-253.1225433,-530.8608398,3698.696777,-358.0804749,-503.0065918,3668.293701,-467.0738525,-306.9822388,3757.668945,-483.1269531,-108.9709244,3724.583252,-422.9009705,-58.32881927,3765.959717,-408.1450806,-85.95767975,3851.476563,-377.4047546,-127.9839096,3700.993652,-146.6870575,-111.1544724,3779.65332,-123.2054901,212.1296234,3666.625488,-118.2086945,538.5794678,3698.774658,-89.30123138,622.2250366,3564.712646,-292.9246216,-102.7752075,3754.097168,-315.778717,233.5732269,3816.8125,-330.2402649,539.8430786,3942.884033,-328.282074,647.4227295,3841.560547,-220.1587677,-630.1204224,3690.550049,-199.7591858,-660.3164673,3557.669434,-184.2187347,-692.211792,3589.990967,-151.0301208,-687.4470825,3693.394531,-227.5014343,-687.2591553,3579.408691,-291.5344238,-682.5357666,3671.60083
-213.5007172,-100.8863831,3748.21582,-216.8970032,-250.4121399,3715.182617,-219.9873047,-370.3777466,3690.831787,-215.8863831,-556.6700439,3686.238281,-188.5122833,-525.7039185,3694.150146,-71.50891876,-496.5297241,3716.995361,-26.18704414,-279.1863708,3800.638184,3.175456047,-86.84441376,3758.28125,2.193255424,-8.085578918,3783.394043,-23.37227821,27.118433,3701.459961,-27.33058739,-14.75236225,3677.397949,-244.9134827,-526.1239014,3681.623779,-348.5053101,-497.5159607,3647.006104,-462.2642822,-301.3215942,3730.701416,-469.2337646,-103.2236633,3693.68042,-399.1655579,-51.14416885,3711.050049,-383.1998901,-88.00239563,3792.912598,-354.1970215,-124.094162,3672.936035,-136.4575806,-105.5263443,3761.297607,-90.73550415,217.0288086,3651.750732,-76.610466,545.1893921,3654.447266,-42.23134995,612.3804932,3512.417236,-282.9739075,-96.70233154,3736.419434,-313.4355469,238.9126129,3802.096191,-328.6767578,539.6595459,3941.728027,-325.3310852,664.1912842,3861.861572,-211.871582,-625.480896,3673.299561,-175.6980896,-660.6170044,3544.888184,-165.0843201,-691.7402344,3579.930176,-144.9623566,-684.1240234,3686.621338,-206.6225128,-686.2769775,3563.81665,-281.6465149,-677.1334839,3647.130127
-207.0706482,-94.2770462,3723.017822,-207.6941223,-243.1642761,3690.148926,-208.6334229,-362.6721497,3666.160889,-201.3916779,-548.0430298,3662.523682,-174.7075653,-516.7223511,3670.383789,-58.92726135,-488.0044556,3696.776367,-14.67074108,-275.9468079,3790.85791,17.99612427,-85.02709961,3748.726563,29.05017471,-11.49947929,3783.999268,8.425411224,40.74021149,3710.692871,-2.706926346,-6.104640484,3674.446045,-230.7734985,-518.1519775,3657.635742,-335.5705261,-491.6878357,3626.81665,-454.8173218,-294.3215332,3695.632813,-477.9219055,-101.1313171,3646.263672,-461.7191772,-37.28537369,3705.533203,-454.0751953,11.87320805,3781.458008,-371.0097046,-85.14421844,3664.612793,-130.492218,-97.69515991,3737.04834,-74.5490036,225.3556671,3639.215576,-46.45498276,550.7366943,3623.192871,8.370213509,597.5732422,3480.240723,-276.1247864,-91.19478607,3710.365967,-313.0246887,241.2875519,3780.400391,-329.815918,528.0895386,3943.626709,-343.4047852,641.3330078,3850.401367,-196.1715698,-616.5255127,3650.001953,-167.8007507,-652.5272827,3520.545166,-152.3592834,-681.6936035,3555.174805,-124.722435,-669.7188721,3659.249023,-195.1146393,-679.6077271,3542.357178,-263.5796814,-673.3781738,3630.745117
-191.0481262,-88.2949295,3696.855957,-192.9771881,-238.1356354,3667.220459,-194.3963318,-357.8126526,3642.954346,-192.6287842,-543.6638794,3646.368164,-165.2114105,-512.7984009,3653.912354,-48.9565506,-480.5507813,3674.564941,-2.916213036,-269.9477844,3772.091797,33.87657166,-77.23350525,3741.343994,54.36608887,-18.60454369,3795.570801,30.22430801,46.72444153,3734.668945,10.9465313,21.95100021,3699.788818,-220.9897766,-513.083252,3639.459717,-322.5946655,-478.464386,3605.440186,-438.1845093,-275.54245,3665.314209,-458.472168,-83.63961792,3608.706543,-447.3045959,-15.2070303,3664.141602,-482.82547,13.44325924,3742.802246,-409.4506531,-18.65408516,3670.523193,-114.6549377,-92.36038971,3712.438721,-54.53755951,234.1920929,3627.318604,-17.90024757,557.9734497,3593.586426,52.01904678,576.6629639,3450.4375,-259.9352417,-84.62892151,3682.804443,-302.4771729,245.1164246,3764.666992,-332.6409607,526.9034424,3935.753174,-330.3862305,640.0984497,3841.086426,-189.0923309,-612.8195801,3636.523193,-146.181427,-642.9205933,3509.312988,-134.0652771,-673.4122314,3544.245117,-118.0400162,-665.5690918,3651.313965,-175.2863617,-671.3031006,3526.912109,-253.1606598,-669.727478,3607.647949
-175.1704407,-83.40822601,3673.180908,-176.0632629,-232.1074829,3641.150879,-177.5374603,-351.6021729,3618.63501,-170.2877655,-536.5593262,3620.480713,-144.0432739,-505.0924988,3628.700195,-29.37460709,-472.0594482,3653.512939,10.39474869,-264.5903931,3757.865723,40.06627274,-71.20493317,3729.086426,60.18675613,3.53435421,3756.469482,36.05609512,46.1588707,3678.439453,26.65812111,11.51390362,3652.613037,-199.3149109,-506.9023438,3613.401123,-303.3842468,-481.4144287,3580.344482,-419.8807373,-276.117157,3624.12207,-445.1379395,-86.56775665,3564.657715,-438.1587524,-4.333548069,3596.334229,-444.3162537,58.85620499,3660.907471,-412.4204102,6.136849403,3595.123291,-99.59937286,-87.68370819,3690.923096,-31.41121483,235.6089935,3605.243164,13.89298916,555.5874023,3560.811035,85.98286438,587.111145,3421.804932,-243.3161926,-79.55284119,3657.181641,-289.6990051,244.6147919,3752.166992,-333.363678,523.4110107,3922.547607,-331.8793945,648.0431519,3844.690918,-164.547287,-605.1968994,3610.147705,-114.647316,-641.1833496,3487.731201,-107.4885483,-671.4781494,3523.903809,-99.11843872,-662.2487183,3631.271484,-146.8507996,-666.883606,3503.490234,-229.9382935,-657.8657837,3577.615234
-152.828476,-83.5838089,3645.776123,-153.2698364,-232.6789551,3615.133057,-154.3127441,-352.3962708,3593.356934,-152.0646667,-537.5926514,3596.067139,-125.0287018,-506.7863464,3604.362793,-9.490259171,-476.4353638,3628.958252,34.58033752,-275.8877258,3744.827881,54.9402504,-81.87216187,3711.641846,67.62723541,-2.071395397,3726.48584,43.66369247,29.51171684,3643.255615,35.07688904,-6.294205666,3628.068604,-180.2441254,-507.1775818,3588.623779,-283.4865723,-475.7254944,3557.947021,-392.2526855,-263.6177063,3587.79248,-411.5105286,-79.27690125,3511.61377,-396.0478821,-1.534469366,3550.880127,-397.8895569,79.21481323,3591.959473,-399.3261719,12.85916519,3546.929932,-77.34049988,-87.58338165,3664.148926,-10.21453762,238.0436707,3585.899902,33.62614059,559.1774902,3547.123535,102.7082672,600.2472534,3408.9646,-220.899292,-79.977211,3629.208252,-278.8479004,242.8364716,3723.251465,-326.7572632,508.8111877,3912.376465,-340.0717468,637.7904053,3843.004395,-148.093399,-606.4514771,3586.072266,-98.05576324,-645.305542,3464.490479,-91.00643158,-674.8131104,3501.369629,-82.76833344,-663.1817017,3608.585693,-130.3553314,-670.597229,3480.7854,-213.5866241,-659.7427368,3554.612793
-134.5435638,-75.45330811,3615.616699,-135.1162109,-222.8269958,3585.664307,-136.3530884,-341.3016052,3565.245361,-129.5090027,-524.1813354,3566.106201,-103.5467148,-493.1612549,3574.522949,10.07515144,-461.1869507,3598.782227,56.37847519,-275.6599731,3731.818115,68.9715271,-85.44296265,3688.416016,73.51177216,-5.603819847,3674.496826,52.02843094,14.75924301,3588.355957,43.723526,-20.2935009,3596.380859,-158.1235352,-494.7727356,3559.133545,-260.4388123,-468.1378784,3525.794189,-378.0142212,-263.4506531,3550.584473,-369.019043,-96.21110535,3444.996826,-365.7053223,-20.28978539,3488.163574,-346.8501587,40.04302979,3551.567871,-337.8064575,-20.39339828,3516.421143,-59.43448257,-78.98396301,3631.55249,2.577457666,246.0253906,3565.178955,43.34369659,564.5083008,3534.841064,101.8791199,617.6828003,3398.150391,-202.2727356,-72.2695694,3601.246826,-267.8246155,244.0665894,3697.534912,-324.414856,496.6140442,3895.602783,-337.4582214,634.6082764,3852.042236,-123.9028168,-591.9938354,3555.547119,-72.03321075,-643.3746948,3441.454102,-63.21882629,-666.7063599,3481.505127,-55.88867569,-640.1859741,3584.765137,-102.2741547,-667.8882446,3461.116455,-185.0633545,-652.4682617,3532.574463
-107.4561005,-76.59654236,3582.777588,-105.1931534,-225.34021,3558.72168,-103.5954132,-344.3907166,3540.339111,-100.8312149,-527.6173096,3547.350586,-74.86585999,-496.7897339,3556.812744,37.42332077,-460.6005249,3582.529297,76.38782501,-264.0260315,3702.211426,97.03233337,-72.58002472,3666.120605,83.36347198,-18.59772491,3606.836914,50.337677,24.94401932,3533.737061,67.04981995,-12.37819386,3570.280273,-128.233017,-497.8381958,3537.267822,-227.6684723,-466.0887451,3499.269531,-352.1549072,-263.4510193,3501.644531,-330.2544861,-84.85714722,3418.081543,-320.5437012,-10.07117367,3462.603516,-318.7321472,23.11459923,3545.932617,-294.0379639,-58.0813942,3530.385986,-32.67229462,-78.42268372,3601.104004,17.95337677,251.7515411,3548.499756,51.92871857,571.8439331,3519.807617,114.2231827,634.675415,3388.615967,-174.8919525,-74.94983673,3566.251709,-256.3695679,241.664917,3651.197021,-321.6230164,480.7834473,3863.822998,-336.9182434,624.4868774,3846.178467,-95.90597534,-595.9700317,3539.325195,-51.8442688,-646.9805298,3421.51709,-42.42905807,-671.8209229,3460.625977,-29.07885551,-648.3782959,3564.251709,-82.45243835,-670.4987183,3442.006348,-161.1994934,-652.7835693,3517.720947
-88.12940216,-74.75307465,3555.305176,-86.41593933,-224.9834595,3530.817383,-85.27381897,-345.2852173,3512.493164,-81.93587494,-530.2400513,3522.261719,-55.83876801,-498.8824768,3531.463623,58.37830353,-462.7714233,3554.437012,95.47099304,-261.5504761,3671.609375,109.419075,-69.99705505,3623.901123,89.8579483,-22.57327271,3559.723389,53.06118393,28.85962296,3492.635254,72.29176331,-13.87349129,3527.205811,-109.6708298,-500.3961182,3511.541748,-210.0409851,-473.7590637,3469.028809,-317.7772522,-259.1310425,3462.22583,-291.1377869,-80.97912598,3374.400146,-258.9760742,-17.8092041,3427.325684,-274.822998,11.49260807,3511.603516,-242.524353,-57.41658783,3484.627441,-11.55740738,-76.11299896,3569.006104,33.14836121,260.0758667,3528.306885,60.1328392,584.9730835,3511.542969,123.9450378,655.0806274,3382.844238,-157.1777496,-73.52677155,3542.950684,-234.5810852,251.2402802,3613.392822,-310.8160095,476.2182617,3842.291016,-336.4890442,620.6601563,3832.006836,-76.71746826,-599.3804321,3515.172363,-29.60502052,-634.0285645,3391.164063,-20.35713959,-664.0492554,3427.136719,-8.862208366,-654.3817749,3534.255615,-60.50079346,-660.7081909,3407.968506,-141.4898682,-654.144104,3484.748535
-65.91385651,-71.73717499,3527.44458,-65.08687592,-221.9855804,3501.860107,-64.4884491,-342.1633911,3481.769287,-66.53128815,-527.541687,3487.387695,-39.71826935,-497.1141357,3497.810791,75.65103912,-465.401001,3522.28125,118.5347595,-267.5481567,3643.729248,145.7408905,-73.34233856,3615.349365,131.7241974,-28.47459221,3547.838135,85.68951416,9.31043148,3477.307861,104.883316,-37.63289261,3505.866455,-93.23581696,-496.6506653,3476.811035,-193.3862305,-468.187561,3434.592773,-293.8106689,-249.6746979,3429.091553,-253.1631927,-79.22978973,3331.325928,-189.1634521,-29.78347969,3367.446045,-206.5496063,-33.54990387,3456.421143,-216.4706573,-82.26442719,3448.150391,10.87535954,-73.52313995,3540.415039,44.3077507,265.5328064,3510.519531,61.95113754,591.8429565,3503.821045,120.3275909,658.8345947,3370.709229,-135.1580658,-70.12669373,3515.748779,-214.2719269,259.0945435,3561.280518,-295.3117676,470.6056824,3801.675049,-327.2544861,613.24823,3819.432617,-63.10992813,-596.7142334,3478.813965,7.053300858,-643.9296265,3370.679443,6.331659794,-671.3403931,3409.854004,-4.730578423,-653.4246826,3516.0896,-28.5057621,-667.5385742,3382.15918,-123.5217133,-650.4822388,3438.815186
-37.11266327,-71.89169312,3502.801025,-37.86259079,-223.9306488,3480.158691,-38.49288177,-345.5013428,3462.213623,-45.69699478,-532.2042847,3471.278809,-18.36112976,-502.0071411,3482.434082,100.4993286,-478.6377869,3504.727295,154.2963409,-288.8063049,3638.002197,184.1433868,-94.47238159,3602.22876,165.3651886,-50.4854393,3534.433838,121.5751343,-8.160378456,3464.014404,135.1506805,-42.28026199,3507.033936,-71.29857635,-500.5959778,3458.81665,-168.5788269,-470.7783508,3408.946777,-272.0776672,-251.7164612,3396.39502,-207.1228027,-82.43128967,3306.522217,-140.389801,-40.48048782,3348.560303,-167.9671021,-47.79731369,3435.511475,-137.4674072,-88.13054657,3409.901855,39.99465179,-74.48114014,3517.634766,58.98421097,269.2893982,3496.612549,62.63157654,598.911499,3499.166748,120.9261093,669.5888062,3366.27124,-106.6437225,-69.5566864,3489.424561,-191.5810089,263.8937683,3507.345703,-299.3931274,470.0679321,3745.752197,-330.2260132,612.2920532,3775.363525,-43.68739319,-602.1917725,3464.105225,18.84218216,-657.3686523,3353.584961,32.97380447,-673.0440674,3396.948486,34.95468903,-631.0639648,3497.768555,-5.847686768,-685.5050049,3377.791504,-91.52811432,-678.4731445,3450.959717
-21.02513313,-75.14209747,3474.461426,-21.39121246,-226.9384155,3452.660889,-22.24071312,-348.576355,3437.361816,-24.68416405,-535.1358032,3441.423828,1.366582274,-504.6087952,3454.253418,117.9129028,-480.4961548,3484.828613,163.5166779,-276.0099792,3596.767578,204.1625824,-80.87974548,3601.221191,187.028244,-36.92671967,3533.208496,148.5384369,2.810861826,3458.600098,163.8824768,-25.95649338,3506.351807,-50.63194656,-503.9663391,3428.915527,-145.9891205,-474.0666504,3376.076416,-265.8171692,-264.0521545,3386.798828,-174.5643005,-88.86601257,3345.047852,-98.10968781,-75.20272064,3388.759766,-93.65387726,-96.39788818,3477.449951,-72.57402039,-119.2144928,3354.245117,54.84507751,-78.11735535,3493.903809,68.05255127,265.6071167,3484.001709,67.12465668,594.1893921,3497.796875,116.5983734,669.8223267,3364.516357,-89.44062805,-72.45917511,3456.929199,-167.8791046,262.0235596,3468.459717,-268.9245911,459.601532,3715.841553,-275.4273071,604.017334,3748.289551,-20.54656219,-604.6692505,3432.572266,47.1669426,-655.1504517,3323.27832,48.35588837,-681.1501465,3363.743896,40.580616,-659.0969238,3470.176025,12.28955841,-679.0848999,3337.009033,-81.60202789,-661.4417114,3396.650146
3.096064806,-83.91404724,3451.841309,1.627273798,-234.4194946,3430.219238,-0.745348632,-355.1573181,3416.281494,1.242136359,-540.100769,3421.982666,26.19296265,-509.1037598,3434.706299,140.3495331,-479.5964966,3465.40918,180.81633,-267.5670776,3559.64624,218.4922791,-73.91667175,3547.054199,188.5066223,2.070300341,3539.140625,171.0988922,22.98913574,3451.156982,175.4238281,7.56131506,3471.414063,-25.08324242,-509.9377747,3409.016357,-120.3631592,-489.7753601,3353.527588,-229.044693,-277.1676636,3329.447998,-158.2210999,-91.35985565,3306.348145,-98.08022308,-66.81135559,3366.259766,-108.6211166,-85.85083008,3454.129395,-57.75808716,-115.7649994,3334.869141,76.32016754,-88.31546021,3477.50415,80.48709106,252.8055267,3470.846436,67.0697403,577.710022,3495.208984,114.5367584,669.9777832,3373.847168,-62.93332672,-79.94510651,3428.699951,-108.6215057,255.8290405,3392.052002,-210.0097809,445.4321899,3641.764893,-218.9575043,586.3127441,3682.435791,7.101279736,-609.0025635,3413.885498,71.32736969,-661.8222656,3305.062256,70.89419556,-688.0512695,3344.908447,64.31616974,-666.885437,3450.660156,35.36589432,-683.5906372,3318.382324,-56.62664032,-661.1988525,3377.597168
20.85144806,-90.07276917,3425.592773,19.66345787,-240.2024536,3406.591064,17.25304985,-360.6159363,3395.120361,17.54678345,-544.6737061,3401.212891,43.02446747,-514.0469971,3413.109375,156.9505615,-484.4610291,3442.250977,201.3386536,-272.05896,3530.915771,238.8693085,-79.22661591,3520.261475,224.2406158,0.506088138,3530.278564,200.6560516,42.72979355,3452.420166,202.3924255,13.16495991,3457.11792,-8.69665432,-514.4224243,3388.955566,-104.1890869,-494.2427673,3334.935791,-221.2825165,-290.0429993,3294.47998,-142.5371094,-110.0007172,3261.670654,-92.08746338,-79.71578979,3327.033203,-112.5175934,-85.48864746,3414.588623,-48.85750198,-137.5570679,3305.970215,92.89007568,-94.1682663,3453.447021,91.57924652,245.4081421,3455.093018,66.03621674,565.5595093,3501.725342,100.8359375,670.1077271,3387.222168,-44.10895538,-86.37966919,3400.475098,-69.56590271,246.0841827,3338.119629,-160.5007782,448.9399719,3579.225342,-178.0325012,588.4127808,3619.424561,22.46852303,-613.3203125,3393.174072,82.82939911,-656.3118896,3278.775391,88.10475922,-683.289978,3317.486328,87.60279083,-665.6158447,3423.556641,50.54666138,-681.8806763,3293.943115,-37.96902466,-670.6401367,3360.202881
28.09348297,-94.27212524,3399.57666,29.65927505,-245.1922607,3382.161621,30.32267952,-366.0050049,3369.653076,30.41250038,-550.2650757,3384.854004,55.96887589,-518.9863281,3395.380859,171.0240173,-493.9657898,3426.306152,211.5000763,-275.0484924,3502.582764,251.4168854,-82.70484161,3482.009521,253.6678925,-1.976572037,3496.233398,226.2369232,70.79388428,3447.045654,224.7745056,29.6118412,3464.362061,4.148036003,-520.5167236,3370.954834,-91.45574188,-499.8404846,3316.410889,-204.6595306,-292.5092468,3275.238037,-118.6379471,-116.9678421,3232.904297,-63.37820053,-87.35719299,3295.076416,-82.28413391,-91.01468658,3383.450928,-28.78105545,-139.4730835,3296.593506,99.84848022,-96.93841553,3429.134277,99.73034668,243.868866,3438.052002,72.28305054,560.9453125,3507.813232,98.4078064,671.1080933,3395.412842,-36.61116028,-91.86780548,3372.923096,-30.67251015,239.2816467,3293.6521,-125.9661026,461.8980408,3516.729736,-117.4352722,607.3909302,3534.171143,35.32170868,-619.500061,3380.205322,80.53521729,-656.3096313,3256.404541,95.57567596,-682.0768433,3293.577881,110.8439178,-663.2524414,3398.780273,54.54186249,-685.5615234,3276.650879,-22.55508232,-684.4191284,3357.299316
39.69733047,-91.29450226,3373.716797,41.14755249,-241.3538361,3353.774414,43.00715637,-361.0861816,3336.228027,41.84577179,-544.8902588,3348.605225,68.02610779,-514.1324463,3358.524414,181.9477844,-483.0933228,3386.319336,232.6332703,-266.8059387,3461.393311,276.4790649,-75.34453583,3448.988525,278.4108887,-11.61172962,3500.084229,281.881073,66.92456055,3452.893799,226.83638,-1.493893623,3490.408447,15.44134331,-514.7911987,3336.268799,-83.47684479,-492.1085205,3289.861328,-190.4853058,-280.7891235,3258.575684,-102.9342728,-108.1224976,3211.229004,-47.62439728,-77.18292999,3272.250977,-63.94855499,-76.40390015,3360.881104,-8.840456963,-133.4350281,3254.929199,110.711647,-94.66547394,3404.246338,113.0313339,244.885437,3414.149902,68.66703033,553.8995361,3503.260254,90.37190247,670.2646484,3397.155273,-24.33941078,-88.25475311,3346.187012,11.06100178,234.1445923,3246.409912,-72.71751404,478.8800354,3448.185791,-68.70133209,624.7617188,3457.858154,45.84820557,-613.8413696,3342.746094,103.6924133,-638.9221191,3221.845459,109.7971802,-671.430481,3255.929199,111.6216049,-669.9671631,3363.47583,71.72158813,-666.5838013,3233.679932,-15.35091209,-665.7097778,3302.803467
58.72044373,-85.29160309,3345.106934,56.97401428,-236.3530121,3330.726807,56.88097763,-356.8614197,3316.716064,60.74974823,-541.2543945,3326.111328,86.42679596,-509.9093933,3335.932861,200.4453735,-471.2598267,3353.017334,257.0558777,-259.5195923,3437.957031,293.4831238,-68.51280975,3404.60791,327.2952271,-6.917338848,3446.699219,332.1703796,74.0723877,3403.515869,292.1221619,42.50331879,3410.355469,33.22289276,-511.5899963,3314.877686,-64.71866608,-488.3623657,3266.075928,-182.9499664,-281.6509705,3240.470459,-65.98405457,-127.445488,3190.932617,3.856755733,-115.8463821,3243.52124,11.81768036,-118.4951401,3333.474609,27.85500145,-155.8693695,3232.345459,127.6589508,-89.44855499,3380.40332,135.6401672,250.8118744,3391.365723,70.75956726,550.6769409,3499.919922,111.0242996,661.4494629,3392.674072,-3.444433212,-81.54309082,3313.27832,47.78015137,235.879837,3202.236572,-19.60993195,506.9230652,3375.864746,6.534132957,648.8295898,3349.893799,66.39193726,-610.1435547,3319.006348,114.3162842,-642.0566406,3195.041016,123.881012,-672.3812256,3230.476807,134.8237762,-664.1967773,3337.441406,83.87904358,-669.3843384,3211.274658,2.785909891,-665.270874,3287.614014
68.26622009,-84.75196838,3315.024902,65.69386292,-235.507843,3302.819336,66.68074799,-355.5088501,3287.860107,72.846138,-538.9124756,3302.428467,98.19077301,-507.1053467,3310.983643,208.7587738,-461.4127502,3330.446045,281.4976501,-253.1495667,3409.424561,334.0275879,-63.72937393,3415.406006,336.6707764,7.646903515,3375.849609,353.7181396,81.70927429,3324.680176,329.8799438,32.14482117,3360.240967,44.91540146,-509.9954529,3290.750977,-53.06390762,-484.7934875,3243.857178,-175.9779816,-280.2179565,3237.525146,-57.22583771,-131.2876587,3179.402588,17.02683067,-122.8295593,3225.699463,40.78216553,-124.2809677,3312.553955,38.15488434,-153.8427582,3210.759277,135.0797729,-89.02257538,3353.691406,162.9174652,249.0411682,3366.403076,79.85925293,535.1947021,3494.686035,148.2319489,650.3581543,3409.278076,8.017502785,-80.90097809,3280.157471,67.49959564,233.5366364,3168.056641,36.94128418,530.6351318,3303.198975,88.68000793,653.7129517,3243.75415,79.19674683,-607.6880493,3297.240234,122.429039,-637.619812,3171.546875,137.7984314,-665.3236694,3206.883057,154.4653015,-652.4341431,3312.28833,96.70877075,-667.7333984,3190.417236,21.02722549,-670.7927856,3271.686279
74.93743896,-76.54788971,3282.911865,77.1440506,-230.8736572,3274.499023,79.75691223,-354.1050415,3265.7146,81.87143707,-541.5205688,3281.605225,109.4356689,-509.7701416,3287.565918,226.3283081,-470.5910034,3299.435791,294.9788513,-250.4897156,3363.979004,333.5711365,-57.4790535,3323.503174,339.9267578,25.42378807,3316.64917,334.7862549,118.4543152,3307.523682,335.0707397,54.46105576,3309.279297,53.21818542,-511.1911316,3272.166504,-48.4090004,-484.4214783,3228.14624,-175.3133545,-276.8742981,3209.917969,-46.66239166,-134.6543732,3141.859131,27.57067299,-124.3767166,3191.387207,45.93487167,-119.0919418,3281.401611,47.99505234,-152.578476,3181.800781,147.9855957,-77.14300537,3312.988525,184.7848663,258.2208557,3393.499023,175.6526947,562.5838013,3524.494873,220.1884613,691.8357544,3437.000732,9.066708565,-76.01124573,3255.790283,89.59699249,235.1248322,3126.347412,87.74651337,550.3378906,3239.667236,135.5471649,668.1477051,3161.330322,85.73763275,-611.9919434,3276.339111,136.8941345,-625.8109131,3147.596924,149.7609711,-659.3125,3180.212402,160.5489807,-661.7157593,3289.490234,108.8225479,-658.1447144,3160.856934,26.57024193,-670.3997192,3238.125
93.1276474,-71.2473526,3255.264648,92.4040451,-223.144455,3247.038574,93.6147995,-344.276825,3236.297607,96.89096069,-528.7250366,3251.702881,124.1416626,-497.3988953,3256.475342,239.3386993,-459.0957031,3267.430908,308.8777161,-243.5417633,3332.407227,346.6636658,-56.79367447,3279.411133,351.413269,23.64226151,3263.633545,353.856842,115.4514999,3270.976807,332.0741577,48.80988312,3262.917969,68.24494171,-498.9564209,3243.598633,-34.70004272,-477.699707,3204.550293,-158.1552582,-272.9503479,3182.681152,-44.95447922,-125.8058243,3107.569336,26.34058571,-105.8232346,3155.873047,15.8723402,-101.2847672,3245.713867,50.62485504,-141.1674347,3145.673096,164.5910645,-73.24268341,3285.82251,217.7045898,255.3782501,3361.386719,221.8892365,553.4516602,3493.901855,265.9093933,682.8509521,3411.230713,28.6859417,-69.44807434,3227.709473,107.6816483,231.8713074,3089.007324,121.7119827,551.9978027,3166.458008,179.4421997,654.199707,3078.018311,100.6894455,-598.0646362,3246.317627,151.8216705,-621.7518311,3121.42749,166.4134521,-650.3948364,3156.703613,177.0980988,-640.9281616,3263.851563,126.1366425,-653.628479,3137.868408,46.01312256,-662.5037231,3215.213867
108.5632629,-67.9916153,3227.647217,110.4468765,-219.0534363,3219.900879,113.6394653,-339.5493469,3210.116455,118.7953186,-523.0083618,3224.391846,145.4509583,-491.57547,3229.749756,259.8450012,-453.6742554,3242.771729,321.8379822,-235.0635376,3299.947021,350.1769104,-54.59769058,3227.114014,354.0650635,24.30271339,3206.475098,362.2900085,115.5427628,3207.854736,340.6730042,51.25853348,3211.41626,90.09589386,-493.6884766,3216.061768,-12.20446777,-474.3066406,3176.14624,-139.4790039,-272.7024536,3163.624512,-49.24611664,-112.7093735,3086.674805,24.40597153,-88.51902008,3128.131592,8.128416061,-95.73707581,3216.4104,51.23878098,-127.5071793,3110.60498,178.5635071,-68.80147552,3260.46167,206.1177063,266.9099426,3302.45874,107.2186813,547.1390381,3432.578125,147.2705536,655.7266235,3323.780518,45.44097137,-67.26132202,3198.057129,124.4097672,233.2070618,3062.189697,153.1277771,558.8449097,3086.715088,224.989975,637.7688599,2986.885498,123.4599533,-591.8783569,3218.686279,153.0304871,-618.3945313,3088.354004,167.5623474,-649.9487915,3120.689209,193.6529541,-645.9945679,3224.890869,125.3505478,-646.4642944,3107.599609,56.26980972,-645.956543,3194.602295
123.1088257,-57.5300293,3197.817871,125.2218781,-209.8406677,3192.430664,128.8061981,-331.3486938,3184.000977,132.1790466,-516.387085,3196.390625,159.6496887,-485.1140747,3200.967041,274.3005676,-444.8224792,3213.123047,332.9971313,-219.6326904,3252.921875,348.5699158,-42.7220459,3165.028076,371.9155273,35.66850281,3173.852783,387.344635,120.6514511,3206.442383,354.3297729,65.34804535,3163.11377,103.3263321,-486.3979187,3189.491943,0.581637025,-466.3450317,3148.685059,-122.1641693,-259.627533,3157.050781,-62.36907959,-96.57618713,3056.530273,-7.492546082,-43.41070175,3101.343994,-25.16527557,-25.54899788,3188.536133,38.23180008,-102.9040909,3095.104736,193.8946533,-57.69841766,3230.343262,214.418045,277.5576477,3294.869141,88.80890656,527.9108276,3463.363037,105.6565323,666.2036133,3384.570801,59.27812195,-57.3781929,3168.488037,148.4353943,242.2582397,3030.6521,203.421524,567.6403809,3016.255859,255.7349243,621.9942017,2889.790283,135.729187,-585.7724609,3189.788818,160.2677155,-609.609314,3056.835205,176.5983734,-641.8578491,3088.141113,207.2259369,-639.6032104,3192.003174,133.5154877,-638.5762329,3076.811035,67.64836884,-640.5477905,3167.296875
129.2670593,-50.08231354,3166.004883,135.1481476,-201.8918457,3159.141602,140.3605194,-323.1697693,3152.358887,143.059494,-507.7055054,3166.108887,170.8413696,-476.6548157,3169.229736,285.8088379,-437.4194641,3178.830322,344.602356,-211.3334961,3209.131104,356.1318665,-35.08889771,3120.282959,379.0837097,43.4854126,3114.208252,401.6177063,130.9530334,3132.254395,352.7086792,70.63562775,3102.974365,114.1960449,-477.6442566,3160.22168,10.47894382,-457.6940002,3122.645752,-110.1800156,-250.3526154,3130.397949,-62.64539719,-82.84371948,3031.57373,-5.591832161,-30.02957535,3073.605225,-20.84197807,-19.51104355,3162.226318,40.81047058,-97.87709808,3060.115723,201.531723,-48.57498932,3194.586426,218.6908722,287.9216003,3248.738037,101.5686111,514.2994385,3452.209961,110.1971817,663.3290405,3395.484863,64.10285187,-51.44153976,3140.231689,158.6289368,247.9852905,3007.511719,226.9651031,568.8458252,2975.989746,259.731842,607.822876,2838.169678,145.8658905,-577.008606,3159.955078,167.2092133,-600.7919312,3026.758545,183.8550415,-633.1878662,3057.578613,216.6877594,-631.4369507,3160.519287,140.6677856,-629.4608154,3047.220459,76.91660309,-630.93396,3138.912354
141.6611633,-45.18541718,3128.759277,148.6566772,-197.2180939,3122.553955,154.9137878,-318.6403809,3115.771973,157.9050293,-503.1838989,3132.902344,185.8487244,-472.0740967,3134.514404,299.5119324,-428.8616028,3144.987061,363.1182556,-202.7762756,3167.477295,359.3796997,-26.91210747,3076.53125,387.6231689,49.87230301,3068.437988,418.3453979,135.3759918,3084.446777,368.973999,80.50252533,3053.603271,128.8426208,-473.1455078,3127.412354,22.68569183,-454.4436951,3095.978271,-92.01352692,-243.3881683,3086.387695,-58.01247025,-74.93074036,2983.050781,-17.34310341,-10.91433334,3028.699951,-31.54915619,19.12260246,3113.07373,29.92687035,-38.55351639,3028.866211,214.7158508,-42.91793442,3155.563232,236.7225952,290.0797119,3229.423584,110.7677994,508.8772888,3436.70752,115.0584488,665.6485596,3405.283691,75.7845459,-47.23011017,3104.589111,169.2312775,259.0689087,2986.164551,248.7906494,571.5750732,2915.662598,271.3910217,608.1069336,2774.912354,160.4440918,-572.7044067,3127.948242,190.3282318,-594.6077881,2995.852539,196.0293884,-631.3583374,3025.862549,217.1739349,-641.7911987,3131.498779,156.0305176,-617.4871826,3011.708984,83.88880157,-608.7109985,3096.750244
153.4471893,-45.27557373,3090.196533,160.6990967,-197.987442,3083.842285,166.9030914,-319.9954224,3077.525879,167.47966,-505.3063049,3095.772949,196.1156006,-474.5295715,3096.062256,311.8893433,-434.5625,3101.704834,372.7066956,-206.3679352,3121.81665,365.6192017,-28.07074738,3033.882324,387.2535095,51.3881073,3027.62207,398.8190002,142.1531677,3042.349609,372.1280518,77.82215118,3007.074219,138.5975952,-474.6682129,3091.247559,31.74819756,-451.6667175,3063.377197,-76.27407837,-235.710144,3059.426514,-41.01205444,-57.28699112,2972.809326,13.74861622,-2.095148087,3015.969727,7.227450371,-1.423159599,3106.828369,63.077034,-90.75904083,2984.866455,227.6557922,-42.77329254,3114.750732,254.6943665,286.3465576,3208.804932,127.1282578,495.8079529,3426.827148,125.3202438,653.7713013,3397.47168,86.5300293,-47.53199387,3068.055176,181.3855743,260.1612244,2949.856689,255.2975769,580.2620239,2904.791748,286.9985962,623.5020752,2767.024902,168.6513367,-575.204834,3091.139893,189.037674,-600.7333374,2957.247314,208.9068298,-631.173645,2988.60376,243.9136658,-624.3244019,3091.31665,165.0807953,-631.019043,2979.109131,103.2275925,-635.119873,3072.839844
165.0982056,-42.42662811,3049.884766,173.4123993,-195.7626648,3043.056396,180.5257111,-318.2582703,3036.332031,176.2067719,-504.1741028,3056.498047,205.8201904,-474.0690308,3056.079102,323.9753113,-441.0168152,3066.893799,378.6553345,-209.5596619,3078.147217,372.6271973,-28.94861984,2992.840576,391.9757385,51.03106689,2982.252441,404.2150574,142.5926514,2993.831055,382.8912964,77.63065338,2954.913818,147.9953766,-472.6450195,3052.053223,39.35614395,-446.190155,3033.710449,-58.08092499,-224.0641937,3038.215088,-77.7227478,-56.99461746,2925.728271,-84.69633484,23.29375648,2964.264893,-115.0722198,87.80441284,3021.621338,-1.929588556,-8.720982552,2990.090576,238.7009277,-39.65272903,3077.213867,273.9518433,292.0011292,3165.173096,136.974472,478.6862793,3399.800537,137.3216858,640.0666504,3396.726074,98.72738647,-44.92797852,3025.241211,188.1230011,270.1415405,2918.20166,258.523407,593.046875,2876.508545,296.3969421,647.3562012,2743.579834,175.3707733,-574.4377441,3052.524658,201.0962677,-598.0855713,2918.55835,217.9624329,-630.3261108,2950.20874,248.3503265,-627.526001,3055.084717,174.5157471,-627.7366943,2938.592529,107.7342377,-630.8078613,3029.555176
182.9686127,-40.25945663,3001.790283,187.1007996,-194.5022278,2997.1604,190.5899353,-317.7894897,2992.923828,185.1155396,-503.720459,3019.160645,215.1356659,-473.8821411,3016.489258,334.2850647,-440.8815918,3020.217773,392.4589233,-210.0797729,3043.002197,386.1952515,-30.03312683,2954.578613,400.6298828,51.48556519,2945.180664,410.553009,143.3685913,2959.337158,387.9419861,79.30751801,2921.494629,156.9615479,-471.8630371,3014.962158,47.95036316,-445.5305481,2995.686768,-51.35332108,-223.9693909,3015.835693,-77.65619659,-50.02306366,2914.092529,-103.1893539,35.62078857,2921.91626,-127.324852,116.5058289,2958.256836,-67.28572083,53.94239044,2896.334961,257.4833984,-39.04055023,3027.6875,277.2124023,291.1097412,3130.647217,142.2621613,480.9494019,3365.893555,135.2125702,642.1873779,3380.998779,115.7753677,-41.35860062,2978.437744,197.7150269,282.361908,2887.762695,265.2255859,608.3027344,2854.381348,308.7917175,668.2734985,2724.96875,183.328949,-574.3568726,3017.414063,204.3992004,-596.3857422,2881.758789,223.8300171,-628.2861328,2912.586182,258.5815125,-624.9221802,3016.572266,179.6842346,-627.2457886,2902.755615,116.6397629,-633.3259277,2996.780029
191.2757263,-44.93980789,2959.30249,197.2198486,-199.494812,2955.891357,201.3927307,-323.1004333,2954.827148,198.137207,-509.4603882,2981.3479,227.8296661,-479.1262817,2979.160156,347.1699829,-446.5838013,2987.266602,398.6125793,-212.850708,2999.386963,393.3617249,-28.02297401,2920.24707,408.1972961,53.16299057,2907.547607,422.720459,145.0503082,2918.756592,386.5999451,79.53723145,2886.033447,169.5415344,-477.9529114,2976.576172,60.95550919,-451.9248657,2953.40332,-38.88516235,-233.3774109,2996.838623,-49.73758698,-52.17197418,2904.483643,-61.61573792,35.67576981,2919.487793,-106.4486923,92.47840881,2976.462891,-61.29854202,45.25612259,2917.161377,265.8944092,-42.64502335,2985.355957,287.8928528,292.9143982,3071.571777,175.2021027,483.6878967,3318.513672,155.6329956,638.4470215,3363.877197,123.9887695,-47.00911713,2935.808838,204.1860504,279.682373,2851.553223,270.3978271,607.9638062,2835.765625,311.4746704,687.1054688,2715.810303,197.4058228,-580.2731323,2979.69043,206.8948975,-606.3024902,2843.128662,227.3300476,-638.4137573,2873.24707,270.2881775,-634.2764282,2974.353516,182.5392303,-635.614624,2866.802734,126.6912079,-636.7719727,2965.739014
198.6331482,-47.88756561,2918.849854,205.4343262,-201.2698212,2916.382813,209.96875,-323.940979,2917.246338,208.3354492,-509.4243774,2939.838379,237.5691528,-479.0686951,2937.925781,356.5891724,-448.0340271,2941.012207,411.2990723,-217.3197021,2959.682861,398.4192505,-35.56315613,2878.138916,397.2301636,47.3070488,2878.073242,396.0168762,140.1383209,2872.576416,380.0246277,71.88964081,2873.935059,179.6822662,-478.2662048,2936.080811,71.64395142,-455.7767029,2910.901367,-30.52578163,-244.6355896,2971.830811,-38.80414963,-58.28619003,2893.911621,-48.59878922,29.93607521,2884.736328,-91.8999176,100.8275604,2922.894287,-47.64512634,38.46805573,2879.845703,273.3478088,-44.95803452,2942.687012,298.494751,286.5024719,3033.39209,189.5997162,473.1547852,3281.868652,174.9443359,627.2022705,3327.184326,131.2596741,-50.52925873,2897.354736,207.8559265,275.3208313,2817.19751,264.5119934,602.5605469,2838.065674,312.7217102,693.3987427,2731.144287,208.0751038,-579.6645508,2936.772705,225.8755646,-617.2011108,2804.855469,243.0039825,-646.9487915,2838.656494,278.7964172,-635.4662476,2941.089111,199.2044373,-643.5193481,2828.916504,137.1842499,-634.7908936,2922.693848
208.4718323,-48.06072235,2884.660645,212.9782562,-201.2592926,2883.028076,216.1871643,-323.7519836,2882.993408,215.9541168,-508.8706055,2905.825439,244.9118347,-478.3673401,2903.759766,364.3119202,-449.8895874,2907.767578,426.2620239,-221.4949799,2926.829346,411.6732178,-47.63851929,2830.563965,426.2921753,25.53432083,2866.284424,440.41745,109.8564835,2902.452637,390.4169922,50.17505264,2829.967041,187.1194153,-477.9779358,2902.137695,79.3596344,-455.1076355,2877.032471,-26.28152084,-253.5860596,2959.173584,-23.08192825,-69.27133942,2877.104492,-38.98099136,17.69913673,2887.953613,-52.73223114,106.4516144,2871.824219,-36.5532608,27.77689362,2882.731934,283.2677307,-46.10786438,2907.865234,327.5539551,293.1771851,2942.776367,237.826355,509.7301636,3173.205322,253.3782196,669.2897339,3158.946289,141.0250854,-49.82169724,2863.736084,212.9813995,279.2007446,2795.865234,269.3336182,604.0819702,2835.932861,313.2242126,693.8731689,2726.666748,216.1791687,-578.9876709,2902.870605,224.8747406,-606.3787231,2767.842285,243.9237518,-638.609436,2798.02002,286.4396667,-635.0797119,2898.22998,199.6856079,-634.3161011,2791.522217,144.1895599,-632.5574341,2889.439453
216.4614716,-49.36024475,2848.605713,221.6073761,-203.4455109,2849.873779,225.7024231,-326.6292725,2850.949951,225.1014709,-512.5528564,2876.116943,254.2989502,-481.9755554,2873.518555,373.753479,-450.6676331,2876.992432,440.2620544,-221.5080566,2886.675781,415.9971924,-44.12774658,2796.551025,414.5998535,34.86339188,2822.689697,408.0473938,126.4890289,2839.46875,391.574646,60.85126114,2824.339355,196.1592865,-481.4458618,2872.197754,88.45245361,-455.3449097,2847.012451,-11.2108593,-257.33255,2947.351807,-8.564276695,-74.07143402,2860.133545,-25.73166847,12.40675926,2876.099121,-38.83859253,103.2337799,2874.283936,-28.16754532,21.16964722,2873.317871,291.8407288,-46.65517426,2871.405762,348.9899597,294.5250549,2876.111816,297.4350281,523.1509399,3109.333984,346.8536682,673.2401123,3074.098633,148.488678,-51.79953003,2828.045898,212.8013611,285.050293,2785.259033,263.0949097,611.2648315,2837.096191,311.6281738,694.6929321,2723.644287,225.1252747,-583.1134033,2873.977539,227.6322174,-604.2815552,2736.757568,243.1240387,-640.4197388,2764.931152,287.9727173,-647.6337891,2864.625,199.4114838,-630.2070313,2759.791016,146.2140045,-626.6853027,2859.680908
219.7842407,-50.25036621,2819.104736,226.1433258,-204.1947632,2818.82959,231.7225494,-327.2301331,2816.943604,236.6403198,-512.9853516,2841.969482,264.9154053,-481.6174622,2839.061279,382.5946655,-444.5536804,2843.491943,443.7047729,-213.9958649,2851.59375,423.7784424,-41.81338882,2751.200195,429.7310181,37.55875397,2775.291748,427.3544312,128.8511353,2794.486084,406.0101318,66.90506744,2778.039307,206.8104553,-482.7238464,2838.405273,98.45605469,-457.1135559,2815.979004,3.550469875,-255.1725769,2912.649902,-7.199288368,-63.85567856,2846.112305,-21.98815155,19.89494324,2874.125977,-33.13467026,110.8868179,2877.27124,-25.93018341,28.42394257,2872.881104,295.188324,-47.17580414,2841.596436,353.2253113,292.0751953,2808.783203,287.51297,513.3460693,3045.212891,333.7095032,665.0082397,3012.950928,151.7890625,-53.02283478,2798.822998,214.9385376,285.2362976,2769.293701,257.7681885,608.6066895,2840.597656,306.0016785,693.6693726,2728.365479,238.6247101,-583.47052,2839.781982,222.725296,-609.1275024,2704.329102,245.3234406,-642.8040161,2730.632568,304.8148193,-642.7254028,2822.54248,200.6303711,-636.4943848,2731.88501,162.6807098,-633.9659424,2838.45459
229.4365997,-52.83345413,2788.893555,233.4331818,-206.9626465,2788.104492,236.703476,-330.1765747,2787.049805,239.6928101,-516.0927124,2812.161377,268.3376465,-485.1223755,2808.329346,387.26828,-451.7703247,2805.860107,454.5064087,-223.4992371,2826.046875,444.2348328,-53.53030396,2720.294678,470.8564453,18.92733192,2751.384521,448.3120117,105.8906937,2725.897217,435.8103638,65.17949677,2726.552246,210.1902466,-485.3799438,2809.490723,101.8303909,-457.0621948,2790.159668,19.94937706,-242.9766235,2871.875977,-1.580901384,-46.31731033,2826.447998,2.581556082,34.15315628,2865.639404,-11.76641941,103.0403976,2924.580566,2.186368227,43.64142609,2865.404785,307.0008545,-50.89271545,2802.668457,356.5795898,288.2579346,2755.539063,317.7313843,522.6234741,2985.524414,366.958374,668.1922607,2934.541992,159.493515,-54.58350372,2776.471924,213.4886169,285.9876099,2753.218018,254.078537,603.7769775,2848.109131,302.3748474,692.6422119,2738.75,240.5801544,-586.6501465,2810.000488,219.6114502,-600.973938,2673.470215,242.8563843,-636.8583984,2696.095215,305.6368103,-644.7033081,2785.540039,198.2624969,-630.411499,2699.487549,164.1459808,-636.4603882,2807.287842
237.594162,-52.98996735,2763.132568,240.1718445,-207.1981201,2760.27002,242.2297974,-330.4804077,2757.999756,244.7652435,-516.1241455,2785.708496,273.4976807,-485.2468567,2781.570801,392.9382324,-454.3652649,2789.168945,459.7921143,-225.0205688,2784.486572,472.8806763,-54.36299896,2679.981201,478.3774414,20.42935753,2716.145508,483.0135193,82.31508636,2646.306885,447.8362427,55.02215195,2669.02002,215.3177948,-485.3835754,2782.482666,107.1909256,-456.2030029,2762.815674,26.74698067,-241.9820709,2845.936768,-4.397660255,-42.32748032,2825.704346,19.31547546,35.73163986,2862.864502,47.29304504,59.163414,2947.135254,70.72512817,35.1886673,2823.105225,315.5039063,-51.91082764,2775.154785,371.9814148,273.6319885,2671.964111,344.324646,507.3746338,2904.414307,407.0922241,651.3369141,2864.756104,167.3395081,-53.96307373,2752.291748,218.2132874,288.006134,2747.067627,265.044281,603.5535278,2846.991211,307.3921204,692.5498657,2735.204102,245.5308838,-586.7396851,2784.527588,220.4335175,-595.7271729,2648.171143,244.2720947,-632.5090942,2668.687988,309.7174683,-643.9046021,2755.875977,199.7942657,-626.1418457,2673.668701,168.8951874,-636.3378296,2782.180908
244.2497406,-58.17335129,2737.575439,245.4318695,-213.5470734,2734.587646,246.3390045,-337.7669983,2732.528076,248.2516479,-524.8396606,2760.197998,277.3056335,-493.8324585,2756.027588,397.8303223,-462.6674805,2758.991211,468.1687317,-232.4729919,2756.108398,477.8316956,-60.95126343,2649.779297,499.95578,15.40766239,2676.530029,487.5852661,78.70261383,2607.972168,457.8428345,45.25244904,2609.263428,218.6930389,-493.7576599,2757.031494,111.0789108,-461.6669922,2734.388184,31.13295937,-246.2122955,2820.099609,2.977324724,-44.13378143,2804.919434,50.38568115,5.517039299,2863.605225,79.45081329,20.23719597,2950.197266,99.51525116,-6.865273952,2835.874268,323.1526489,-57.74809265,2746.678467,375.5346069,263.6394958,2621.87207,372.3570557,538.8382568,2809.82959,421.8040161,677.0855103,2738.602295,173.0995331,-58.55682373,2729.366943,218.6877136,286.7504578,2735.148438,274.7161255,599.0617676,2848.037842,311.1567993,691.6946411,2735.637207,248.7617493,-595.9827271,2758.915771,225.8939056,-595.6275635,2620.822754,249.7823181,-633.9055176,2639.29834,314.2697754,-651.1113892,2727.275391,204.8541718,-628.0786743,2643.960693,171.9186096,-646.0540161,2751.747314
248.8325806,-53.42876816,2713.63208,246.973999,-208.2914124,2709.741211,245.4353485,-332.1218872,2707.939209,249.9351959,-519.5421143,2727.847656,278.4682922,-488.1062012,2724.801758,398.4081726,-456.126709,2723.587158,471.716095,-227.9326935,2735.340576,483.9485168,-56.93243408,2629.632568,513.6298828,13.37823296,2595.464844,508.3482971,67.61333466,2519.077881,457.1152954,33.17348099,2578.601807,220.0493927,-488.8469543,2726.124512,111.7060623,-458.0029602,2707.361816,29.52893066,-247.4078217,2800.532471,6.823586464,-44.94808578,2790.891846,39.41985321,0.354263932,2861.540039,56.33846283,25.88317108,2948.536865,93.31830597,-11.30303764,2845.471924,327.9421997,-54.457901,2716.803711,372.9251404,259.7528381,2575.022949,387.8842773,563.5610962,2708.656738,409.2683105,679.8972168,2596.971924,177.4959564,-52.50075531,2710.771973,224.4172058,291.1327209,2728.324219,288.0481567,602.4935913,2836.588623,311.6540527,696.1519165,2722.250244,251.3591614,-590.3388672,2723.661377,228.932373,-596.9344482,2586.095215,251.6084595,-634.6748657,2606.683594,315.1595154,-648.7681274,2695.460693,206.9912262,-627.3599854,2610.820801,173.3901825,-638.3956909,2718.959229
255.4602051,-48.75055695,2686.083008,252.9676514,-204.5795593,2680.824463,251.1854706,-329.2176208,2678.972168,252.8873138,-517.9780884,2698.382813,282.0743408,-486.8408508,2694.63623,402.7200317,-454.923645,2688.452637,480.2377319,-226.6261139,2703.045654,488.3388367,-52.80338287,2599.034912,534.8404541,16.17603683,2586.25415,516.2252197,76.3574295,2515.885254,489.4963074,48.57242584,2536.073975,223.3249969,-486.5482178,2697.532959,114.0963058,-454.3041077,2681.959717,33.86639786,-242.3526306,2777.927734,10.45121956,-39.20380783,2759.82959,25.58254814,7.925327778,2835.740234,28.49767876,45.71067429,2920.486816,77.19920349,0.586926937,2834.299316,334.83255,-49.77951813,2678.952637,372.2556763,268.3111572,2538.026367,392.0281372,590.8660889,2624.047363,415.0393982,675.2165527,2485.597656,183.8866577,-47.82269669,2692.512939,229.8690948,297.5224915,2720.820557,290.7877808,612.7643433,2826.219727,309.8761902,699.7578125,2704.709717,252.9391327,-589.2393799,2693.943604,227.984375,-593.1217041,2555.780518,255.3353577,-629.0950928,2574.523926,322.5595093,-639.4497681,2661.998291,209.9985046,-626.9240112,2579.841064,180.1755066,-645.8092041,2688.785645
258.164978,-45.71902466,2658.112305,254.2094574,-202.2678833,2652.349609,251.102356,-327.4447327,2648.393066,255.355835,-516.4663086,2673.254883,284.2604065,-484.9296875,2668.405518,405.3269043,-453.3378296,2657.861816,485.4802551,-224.5996552,2670.957764,497.2643433,-44.78463364,2575.924805,552.7094727,2.389297009,2532.86377,531.1647949,91.38067627,2507.875244,493.179718,59.57468033,2502.77417,225.2430115,-485.2944946,2671.707764,115.3462448,-453.8988953,2654.960938,32.50896835,-241.933609,2751.791992,6.479138374,-38.57099915,2728.83374,2.530768394,11.15324688,2805.027588,8.802000999,80.62133026,2866.979492,59.47177124,3.996875048,2813.92041,337.9446716,-47.48349762,2651.2854,371.816864,266.9049072,2497.458496,395.4917603,599.6221924,2538.374023,408.6423035,659.4300537,2385.641113,186.2240753,-44.12792206,2664.268311,228.1870422,302.4889526,2702.73877,294.5531311,610.3493042,2829.788086,300.0941772,696.2169189,2705.221436,256.2920532,-588.1697388,2670.824707,219.4542084,-592.8240967,2534.653076,248.6233215,-628.7647095,2551.221924,323.4960632,-638.4641724,2633.070313,203.6771698,-626.760437,2560.432861,183.2696228,-645.3650513,2672.154541
262.4815674,-42.75014114,2630.982178,256.3271179,-197.891861,2622.709961,251.6354675,-322.0194092,2618.095703,257.2492371,-510.0294495,2638.629395,285.6817017,-478.477356,2634.064453,405.627594,-446.9749451,2622.140381,485.4459839,-220.4641113,2640.156738,501.7645264,-38.87137604,2552.880371,536.1164551,30.87408447,2521.284912,563.5282593,89.97848511,2589.28125,492.5189209,60.22811127,2490.947266,227.1835938,-479.2471313,2638.216064,117.4343491,-448.7533569,2625.504639,32.13299942,-239.8698883,2721.990479,1.381907582,-38.39731216,2702.923584,-2.159072161,17.15812111,2774.098877,-7.546497345,92.28131866,2827.909668,48.41115189,22.8509388,2787.053711,341.3753662,-45.39187241,2621.830322,362.2550049,263.9319153,2461.786865,386.7015991,596.3361816,2471.393066,393.5406189,641.7514038,2314.716064,191.3395844,-40.36798096,2639.234863,225.421402,303.7104187,2683.024658,289.181366,601.1972656,2827.835449,298.7290039,695.9648438,2711.67627,258.5277405,-581.0991821,2634.664063,221.7832947,-584.631897,2499.572998,248.87117,-621.625,2516.226318,322.5771484,-634.5508423,2597.510254,204.4348297,-617.3135986,2525.342285,183.2766876,-634.074646,2636.293457
268.7901611,-38.62081909,2597.958008,260.278717,-194.2721405,2589.184814,254.0744171,-318.9036865,2586.318848,259.6537476,-507.9059448,2604.928955,288.1510925,-476.2950745,2599.576904,408.6262817,-447.1998291,2582.542725,493.9098511,-222.220932,2606.983887,509.728363,-40.57733536,2517.79126,527.6046143,39.48334122,2498.499512,545.328125,127.5714188,2527.970459,495.2566528,70.26539612,2475.069092,229.6042328,-476.8719788,2605.937744,118.1286163,-448.3634338,2603.431641,28.73158455,-235.8642273,2690.450928,-15.45538044,-36.42956924,2667.583008,-21.51615143,22.08968163,2736.660156,-31.8306942,99.20993805,2787.509277,-3.023571253,25.25094986,2759.310791,347.6573181,-42.2805748,2586.374756,358.5778809,273.7405396,2435.520752,376.1191406,603.4429321,2379.863037,379.9728088,631.1635742,2218.320801,197.6721649,-35.32065964,2608.40332,229.0023651,308.9386597,2663.042236,301.0742798,600.6323242,2818.608154,307.3135681,701.6456299,2706.757813,260.4752808,-579.234314,2600.228027,218.2089081,-581.1707153,2466.118164,248.1635437,-617.1157227,2480.612305,326.1408386,-628.0092163,2558.774414,203.7890778,-615.6531982,2491.673828,188.2110291,-636.7745361,2603.292236
269.3086243,-33.00227356,2570.498047,260.7124939,-188.4353333,2560.393311,254.4765778,-312.9236755,2556.259277,261.6176758,-502.1752625,2569.334961,289.7705383,-470.2614441,2564.256104,409.2711182,-439.8071289,2543.845459,493.3750916,-214.9217377,2571.050537,508.8063354,-28.2101326,2493.392822,527.5523071,53.86188126,2491.914795,553.1115112,124.5866394,2549.114014,498.150116,84.30613708,2469.226563,231.4356079,-471.4113464,2571.895508,119.5111313,-445.0527954,2573.128418,22.54637337,-243.1316833,2675.318604,-7.621867657,-49.46799469,2613.981445,-24.7566433,17.47132111,2672.671143,-39.5975647,100.8301773,2710.828125,-3.377776623,15.47791767,2711.018555,347.9121399,-36.51187515,2557.614746,353.6338196,278.5874023,2405.24292,363.7764587,599.43927,2311.060547,359.6116638,627.5785522,2149.739502,198.4283905,-29.83750916,2582.115479,229.5864563,312.8925171,2644.07666,300.3186035,602.892395,2802.769043,318.9406128,718.486084,2707.869873,262.7666626,-573.2741089,2562.591797,215.0054321,-578.0653687,2430.53833,245.5312347,-613.6709595,2444.529785,326.6266785,-622.90448,2519.535645,201.6911621,-611.9592896,2457.381348,190.7863007,-630.6640015,2569.881836
269.7521973,-27.72208405,2535.870117,260.3313904,-182.3913116,2523.595703,253.9286346,-306.4225769,2519.387207,261.867157,-494.9426575,2532.745117,289.7073975,-463.0800476,2526.959473,408.5374756,-432.4020996,2505.714355,492.09021,-208.3313293,2533.680176,507.2476807,-20.91197586,2459.645264,521.2249756,60.37609863,2475.0,565.5251465,109.2153168,2542.198242,498.3500977,90.88788605,2463.530518,231.7737579,-464.3639832,2535.904297,120.7710419,-436.5249634,2541.605957,22.03260422,-235.3225098,2641.372559,-19.37931824,-41.12468719,2591.878662,-47.05511856,30.63018608,2639.26709,-73.73342896,115.7428894,2663.915039,-5.175023556,34.1581459,2686.884521,347.5125732,-31.19680595,2519.972168,349.6498413,283.038269,2368.592529,357.6202087,605.6858521,2285.187744,353.3555908,634.9395752,2124.662354,199.6322632,-24.58877563,2550.206055,228.993042,315.2637939,2621.202148,300.9187622,598.0158081,2789.575684,309.3227234,718.7719116,2700.693848,263.055603,-565.802124,2526.187744,207.774231,-575.4564819,2397.921631,238.8956451,-610.4952393,2411.412598,323.9541626,-617.1362305,2481.562256,196.0471344,-608.1166992,2426.692871,191.7811584,-622.3681641,2539.875488
273.9394226,-20.39924812,2494.554932,262.677887,-175.1842346,2484.925781,255.6361847,-299.291748,2484.291748,261.796051,-487.9289551,2497.817871,289.8109741,-456.3991394,2491.034424,407.3782043,-424.6730347,2464.676758,490.2018127,-200.4778442,2494.441406,511.9253845,-7.383003712,2438.706299,510.984314,75.49944305,2451.864746,505.6845093,168.9006958,2441.031494,486.1626587,103.2131195,2438.993164,232.1768188,-456.9797363,2501.906982,121.982399,-426.5281982,2510.134033,19.03459358,-222.1629486,2598.798828,-39.32274628,-28.19077682,2569.230713,-71.48238373,56.25651169,2568.821289,-115.3395462,137.7385406,2571.334961,-49.39910889,62.80903625,2601.611084,350.348938,-24.62512398,2473.121582,342.8690796,297.1346741,2338.365723,343.3572693,619.5869141,2253.400391,319.9153748,649.2346191,2094.556396,205.0376282,-16.58858871,2513.882324,227.6305542,321.4786072,2595.629883,306.0097656,595.8775635,2774.818115,312.7103271,721.3699951,2692.511963,261.9311829,-558.833374,2491.38623,200.688385,-574.5422363,2366.418701,231.7706146,-609.4083252,2380.492676,319.8290405,-613.8400269,2447.082275,189.696991,-605.3011475,2397.506348,190.3303833,-613.0941162,2511.431885
270.3670959,-15.54387379,2457.144775,261.406189,-171.8730164,2448.750244,255.2589722,-297.0321045,2445.122803,259.3341675,-486.973877,2463.011475,287.8328552,-455.7200623,2454.821289,405.9165344,-425.4866943,2424.328857,486.3747864,-198.6570892,2457.063965,510.0188293,-3.926753998,2401.560059,503.5858154,77.27468109,2424.546631,493.720459,171.7358551,2424.608887,483.651825,107.6076965,2422.490723,229.9651184,-455.2813721,2467.066406,120.3604813,-421.0395813,2480.325195,17.63156891,-212.4935303,2565.210449,-53.48451614,-20.01869583,2542.529541,-95.51596832,60.61107635,2548.609863,-133.3477936,145.1448212,2560.3479,-59.70400238,81.57672882,2572.869141,346.3757629,-18.54563141,2431.908691,335.6853638,311.5357666,2310.462402,336.1390381,640.6622925,2241.445068,288.6895752,676.1170654,2087.804688,201.8267365,-12.83705616,2479.901367,219.6429901,328.5463867,2561.697998,311.5315552,580.9949951,2769.798584,291.4571838,719.1402588,2710.937256,258.4102173,-558.6040649,2458.175781,190.9478607,-570.453186,2334.657471,222.5938721,-606.227417,2346.450684,314.2678223,-613.2279053,2409.401367,181.0092773,-602.2579346,2365.603516,186.7113342,-613.3403931,2480.088379
270.3311768,-8.939633369,2418.203857,258.7172241,-166.2182159,2410.066406,250.2560883,-292.1074524,2405.762207,255.5433502,-483.1317749,2426.053467,283.7465515,-451.7449036,2415.965332,401.1095886,-422.2513733,2378.990479,482.8955383,-195.186615,2418.797363,502.3381042,1.96556747,2364.936768,491.2399902,81.64113617,2393.105713,479.4957886,176.3815765,2398.958496,470.6434326,111.2816772,2381.539063,226.1614838,-451.1893616,2431.196533,116.2775345,-418.3377686,2451.118896,14.93625355,-207.041153,2535.977051,-61.02371216,-15.90187836,2505.68457,-104.1191101,64.25373077,2517.525146,-145.0603943,147.3912659,2533.346436,-73.80732727,80.23946381,2529.065186,345.7322998,-13.03311348,2389.707764,330.7474365,321.449646,2273.662109,339.4032593,657.0425415,2229.039307,276.9380493,689.6766968,2078.936768,202.3386688,-5.248362064,2443.900146,214.6029205,340.019104,2520.969971,317.8461304,574.9470215,2747.385742,284.6378174,712.0953369,2689.384277,254.4775238,-555.3257446,2422.182129,187.9425964,-556.6565552,2296.47583,218.5278015,-594.3893433,2306.24292,309.6993713,-608.6192627,2370.09375,176.5274963,-590.3942261,2325.263184,180.322403,-609.5204468,2439.586182
266.4632263,-10.19861507,2381.99292,256.4961853,-167.2392426,2374.76416,248.8166962,-292.8307495,2369.608643,252.0413361,-483.5959778,2388.158936,280.2679443,-452.6013184,2377.4104,395.9281921,-422.0523682,2337.151855,475.4784546,-193.9833221,2371.647705,500.1651611,5.56063652,2332.780762,475.8771973,82.1505661,2360.578613,452.0134888,174.3341064,2366.499023,452.0073853,108.9706879,2346.428955,223.3771057,-451.3701782,2394.514893,114.9249039,-416.4989624,2416.991211,16.82369423,-204.9627991,2503.224854,-63.93399048,-15.23068523,2481.17334,-117.4200516,59.02634048,2483.517334,-163.5641174,140.5801392,2487.259033,-81.55901337,84.14381409,2495.391113,339.3799133,-13.26184368,2348.001465,326.4146729,322.9293823,2239.597656,342.6613159,659.8817139,2221.812744,275.4161987,708.2102051,2078.624023,200.7110138,-7.436368465,2412.644287,206.483017,342.7357788,2457.604004,316.2376709,549.2614746,2706.263672,292.6714478,699.2097778,2695.275879,249.8230133,-555.5531006,2383.76709,171.644928,-553.7316895,2265.383301,203.8749542,-590.8411865,2270.529785,300.8962708,-604.9743652,2324.530273,163.9342499,-588.8277588,2293.589844,179.2446594,-612.3687134,2405.814209
264.6462402,-11.7172842,2352.695068,252.5480347,-169.4333344,2343.783447,243.0292664,-295.5507507,2337.012451,247.7981873,-487.9692688,2348.10083,275.7035522,-456.2236023,2337.704102,390.8684692,-421.6006165,2297.03833,469.5826721,-190.8154602,2324.679932,491.6368713,10.74151707,2288.472656,466.5474854,88.63786316,2313.269287,437.5331421,180.0847015,2315.051514,443.7216492,114.6220627,2301.772217,218.9975128,-456.0108643,2356.567871,109.6923218,-425.7713013,2384.439697,19.62271309,-212.562973,2479.052734,-59.5287323,-20.50708199,2460.265381,-115.5159836,52.42919159,2455.47583,-144.6768799,140.1881409,2436.930176,-77.46914673,68.1836853,2477.06543,338.7375488,-15.56787682,2320.25708,321.7880249,323.3690796,2214.320801,341.7749634,662.5118408,2218.650146,281.3916931,719.1168213,2074.335938,197.8348541,-8.245035172,2381.945557,192.8119202,346.1222534,2404.634033,317.6494751,546.430603,2653.972412,316.9064636,699.3129272,2661.371338,245.814743,-560.12854,2340.940674,153.0266266,-559.1515503,2232.534424,186.9560089,-595.472229,2232.993408,290.8988953,-607.2835083,2274.587891,149.9238434,-595.0846558,2260.996582,179.8968048,-619.8582153,2370.657227
263.042511,-15.5079689,2327.533447,250.1197205,-172.3510742,2315.696289,239.693573,-297.7168579,2306.038818,242.5453033,-489.59729,2313.664551,270.3452454,-458.114624,2302.893555,383.2822876,-425.5705566,2256.230713,456.3291016,-193.3759766,2278.767822,464.9890137,6.304189682,2232.413086,448.9935913,81.71909332,2268.643311,437.8250122,175.1188049,2285.625732,435.4486694,113.89534,2258.984619,214.5411224,-457.5917969,2323.620117,105.9101028,-428.2035522,2353.107666,16.49644279,-219.3109741,2455.135254,-55.16427612,-24.68852615,2442.674316,-115.7727814,44.11913681,2440.6604,-146.08255,131.0129089,2421.733643,-75.96964264,61.960495,2462.182373,335.2886353,-18.76465607,2291.812988,319.3720398,322.1185913,2197.154785,342.1854248,659.2421265,2216.504883,281.1272888,723.6060791,2076.530273,197.894989,-12.57127094,2359.744385,178.128891,340.2323608,2342.893066,312.7091675,533.8670044,2590.610107,310.6611633,684.7567139,2612.427246,239.4737396,-561.3168335,2305.386963,138.5922089,-553.9552002,2205.514893,169.8366699,-592.2991333,2203.255127,275.4764099,-611.007019,2235.911133,135.520462,-589.5337524,2234.139893,172.720108,-616.4000854,2340.571533
257.3709412,-22.27173042,2305.119873,243.18396,-179.276886,2291.243164,231.0549622,-304.5912476,2278.766113,234.6160583,-497.1028748,2282.598877,261.6867371,-465.2737122,2270.579346,368.8231506,-425.0953064,2215.924561,430.7181091,-188.3954773,2231.101074,435.4961853,12.48739624,2186.923584,430.5075684,84.5609436,2232.491699,427.9398499,154.6376343,2297.835205,420.0640869,119.1216888,2227.16333,207.2197571,-465.2652588,2295.010254,100.9638367,-434.267334,2331.85376,23.21481705,-219.8853912,2433.72998,-41.83759689,-21.96955681,2431.638916,-103.2220688,46.1926651,2424.986084,-146.4509277,128.3421326,2408.89502,-64.00119781,65.50748444,2446.595215,327.4488831,-25.04285049,2264.828125,317.1965942,321.3943481,2187.473389,346.633606,658.1934814,2217.133301,280.0894775,724.4277344,2080.019043,194.1785889,-19.77288818,2341.452637,155.5441132,328.3129883,2285.061768,322.3574829,528.4396362,2508.083252,304.9884338,679.6276855,2522.807373,231.0717773,-568.8598633,2273.172607,125.3145065,-552.5239868,2179.013672,152.3228455,-594.0563354,2175.737061,257.5511475,-623.2364502,2202.591064,120.3257217,-587.2420044,2208.611084,161.0688934,-616.2797852,2313.512451
245.4236298,-24.80931282,2283.395752,230.0405273,-180.1585541,2265.16333,214.0366211,-303.0630493,2244.517578,218.6494141,-494.2097168,2249.344971,244.8076477,-462.5568237,2235.987793,348.841156,-425.3248901,2175.565186,417.5233765,-192.6095734,2195.412109,399.4485474,-1.189157367,2126.260742,425.9265442,66.24066162,2170.4021,455.6837769,147.8618622,2209.313965,400.2997437,103.2773132,2175.170654,191.886734,-462.632843,2262.713135,87.76309204,-437.7146912,2306.986816,24.41757965,-221.8257904,2411.440918,-36.83668137,-24.59858322,2424.225342,-97.37047577,42.85165787,2412.866699,-106.907959,127.7950439,2374.805664,-58.92221451,62.91714478,2434.466309,313.7935181,-26.63501358,2241.266357,311.2556152,320.424469,2178.585938,345.3948364,653.9561768,2213.200684,279.180542,724.3722534,2079.426514,183.7714844,-23.16299629,2321.385742,138.0841217,315.4820862,2235.652832,306.2919922,518.5684204,2451.226318,300.0550537,669.7651367,2438.666504,215.0402222,-565.548645,2240.5979,108.8162537,-554.0762939,2147.728516,136.5212402,-594.793335,2145.275391,241.8894501,-620.7608032,2171.660156,104.9020462,-587.8828735,2178.047607,146.9554291,-613.1092529,2282.537842
227.6648102,-35.55712891,2256.385742,217.0216217,-190.6498413,2240.463379,205.9453888,-313.9006653,2223.308838,211.0955505,-503.9957886,2222.070313,236.3802185,-472.0498352,2208.526123,333.3817749,-431.4802856,2140.526855,398.7509766,-198.425827,2138.594238,388.4789124,-4.132002831,2080.127441,403.7102356,72.63294983,2111.581543,402.977478,165.5855713,2129.400391,384.1678467,102.5256805,2119.256836,185.0991058,-473.1054993,2237.575928,81.65132141,-448.116394,2281.663574,28.22757149,-230.1325989,2383.928711,-22.98230362,-33.21136475,2414.344238,-87.12582397,31.02016068,2411.585449,-108.0979996,116.5371094,2381.550537,-48.30393219,51.82549667,2431.03418,296.7004089,-36.17176819,2216.226807,305.0056152,311.0971375,2168.253418,350.4213562,638.7490234,2222.032959,285.1489563,721.7537231,2096.425781,165.4123535,-35.00288391,2292.598877,119.661644,300.5324707,2203.019531,270.7232361,530.0332031,2400.998535,274.0620728,677.7876587,2370.152832,207.2198486,-574.6400146,2211.390625,92.36875153,-558.0533447,2131.733398,119.137085,-598.4359741,2124.2229,225.8903503,-625.9230347,2137.594482,91.45592499,-593.1987305,2160.329346,144.0040131,-623.8568726,2257.642578
208.3416595,-38.31707382,2234.36084,196.2353668,-190.8459778,2213.604492,188.2332458,-313.2623291,2199.876709,190.7608948,-500.6315613,2185.931641,215.0716248,-468.4477539,2172.784912,310.3191833,-426.8773193,2105.645264,368.2085266,-195.2444611,2091.528076,359.0754089,-0.339657068,2044.351807,362.6904602,70.60702515,2087.932617,356.4508057,154.7648315,2128.23999,336.9195557,92.00140381,2104.853271,166.706543,-470.9901733,2205.139893,68.11058807,-453.7872009,2259.346924,27.02177238,-228.4327393,2342.51123,-7.152486801,-40.59861755,2412.325684,-77.12699127,15.29777813,2417.948486,-74.17211151,96.74840546,2375.436768,-37.98767471,48.75392151,2423.80957,276.4650879,-38.30257034,2194.520996,296.8811951,305.8057556,2159.480225,351.2621765,626.1195679,2223.462158,296.6573181,718.0722046,2101.589111,146.9117737,-38.33015442,2270.286621,100.9888306,292.8778992,2180.903809,255.6496582,550.0776978,2328.888184,237.5868835,688.0023193,2274.990967,185.2331238,-569.5455322,2171.139404,62.69530106,-572.6009521,2105.432861,92.95090485,-609.5882568,2097.473389,201.8047333,-623.1433716,2099.881836,69.21933746,-604.9312134,2135.720215,134.6833954,-621.5033569,2226.81958
197.4826508,-40.11333847,2215.045166,184.8067322,-192.7235413,2192.497559,175.5011749,-314.9914246,2175.864014,175.5434875,-502.7024841,2160.206055,199.5800018,-470.5539551,2146.164307,291.2797241,-429.6453552,2073.360596,345.8896179,-197.3101501,2050.515869,335.739502,-2.344042063,2001.740967,326.7784729,69.88182068,2042.763672,348.4900513,141.435379,2099.311035,321.4482422,99.82148743,2039.56958,152.6536407,-472.9360657,2180.824463,57.04552841,-455.2771912,2240.541016,25.65028572,-230.9868927,2332.124756,-3.129687071,-40.71022415,2399.146973,-71.45764923,16.77096558,2410.055664,-55.12262726,99.91629791,2373.841064,-30.53619766,49.1519165,2419.468262,265.4987183,-39.79378891,2174.64502,289.9530029,305.779541,2149.688232,350.2266235,623.6192017,2224.070313,297.2416077,718.6151123,2103.294434,136.1495514,-40.40148926,2251.47583,84.6137085,289.4596863,2157.041016,227.729248,572.9697876,2265.013672,185.6802673,691.3109741,2183.832764,168.6376953,-571.5960083,2145.076416,42.58693695,-578.0057983,2085.85791,71.59281158,-616.5708618,2080.410645,180.344574,-632.9614868,2079.027588,49.89056396,-607.2333374,2119.134766,119.6426773,-616.0744629,2208.45752
170.0187988,-38.31700134,2195.919678,161.7737885,-190.9138336,2172.292969,152.7796478,-312.1221619,2149.702393,157.2416229,-499.9506531,2139.13623,178.6597595,-467.5785828,2121.867188,262.0377197,-427.022522,2039.672852,332.2978821,-198.743866,2021.6875,291.2322388,-9.480401993,1967.76709,279.0076904,66.01744843,2001.18396,301.2854309,136.5436859,2058.64209,263.9578247,93.20075989,2009.033203,135.6481628,-470.2931824,2161.174072,43.18415451,-446.4670715,2223.431885,38.17457581,-246.9590302,2363.90918,-4.590503693,-47.92623138,2365.011475,-47.67012024,11.98391628,2416.303467,-27.85485077,89.39983368,2370.598145,-14.13476086,48.28817749,2400.474365,236.5550232,-35.32455826,2153.373779,274.9602051,309.2626953,2139.588867,349.5490112,620.4292603,2226.672852,294.4511108,717.3039551,2108.578613,110.0201492,-41.01541901,2234.2854,57.06413651,288.5108643,2140.720215,187.1006622,592.3441772,2196.158447,122.7376328,693.6820679,2107.235352,151.0500336,-569.3679199,2126.647461,26.42726135,-577.1096191,2064.939453,56.57611847,-614.5990601,2058.674561,165.6487122,-627.9021606,2058.75293,33.95479965,-607.277771,2097.253662,102.2618027,-617.3982544,2187.411621
150.6417084,-40.98007584,2170.049805,145.7605133,-193.3261108,2149.074707,138.8472443,-314.2503967,2127.638184,140.9774933,-501.1453552,2116.545898,162.2860413,-469.1257324,2099.008301,237.9389343,-423.8692932,2012.824341,303.7770081,-195.5966949,1993.985962,265.6526489,-4.099011421,1950.559692,249.983551,73.8729248,1974.462036,258.0433044,139.8077087,2039.82019,213.6602478,95.87872314,1982.605347,120.2832108,-471.4617615,2138.992188,28.78472137,-446.9949646,2201.385254,49.04708481,-229.8671112,2308.213379,-7.45041275,-65.17715454,2204.69873,9.574454308,18.61678123,2230.851563,0.058853999,66.85301971,2153.567383,16.68778801,31.25666046,2165.966553,216.962204,-37.30946732,2127.955811,268.2962646,304.0840759,2123.752197,349.7549133,605.7720947,2229.685547,298.806366,707.4154053,2114.898193,90.83760834,-44.29001999,2208.008057,39.30683136,286.1955872,2123.926025,120.2446365,609.4855347,2134.334473,42.02515793,697.605896,2043.709961,133.7882996,-570.1065063,2104.06958,8.567206383,-574.4669189,2044.862305,38.60257721,-611.0890503,2035.543701,147.1676636,-623.6416016,2032.504272,16.87028313,-606.5076294,2074.784668,86.74745178,-622.1015625,2162.202881
133.4996948,-32.41392517,2145.075928,127.5776596,-184.7939911,2125.108643,121.304863,-306.2121887,2106.786133,115.4980316,-492.8406372,2093.96875,137.0350647,-461.4923096,2075.561279,206.7396698,-416.7063904,1984.335938,262.0741577,-185.9901123,1962.914917,227.4454498,8.509978294,1932.125,211.278183,89.56048584,1939.881836,202.5163422,145.2520752,2014.033813,161.2793427,98.0792923,1910.317017,97.26092529,-462.6382141,2117.778809,8.402615547,-441.2070923,2184.84375,40.99887085,-232.7362061,2304.825928,-22.35523224,-114.4047546,2153.234619,-11.79035187,-33.16033554,2188.960693,-8.91588974,45.10906982,2141.538818,5.761366367,-16.78986168,2156.669434,199.5325928,-29.40648079,2102.540527,258.0519104,310.4017639,2117.008301,345.4081421,610.6368408,2221.938965,284.8926697,715.8204956,2115.375,73.95492554,-35.12586975,2183.432129,31.47852135,297.4880066,2103.363525,55.30162048,628.4949951,2072.537109,-37.25374222,688.7692261,1973.146729,104.9391632,-561.3043213,2081.31543,-27.8530426,-567.7884521,2042.417236,0.477883965,-604.8938599,2030.220703,107.2637253,-617.9998779,2011.030151,-14.94235325,-598.4866333,2072.085205,67.6038208,-610.4520264,2148.244629
118.9257736,-28.01248169,2120.507568,114.088829,-181.0070953,2099.926514,107.8265991,-302.7859497,2080.521973,102.6525345,-490.3919373,2070.378662,123.7391205,-459.0726624,2051.013184,189.2574158,-410.5585938,1957.904175,231.7893219,-176.0695801,1936.959961,147.0635223,-2.592623234,1881.785156,138.365799,80.14562988,1887.075073,161.921402,137.0918732,1957.45105,124.3183212,106.4203949,1872.511108,84.68712616,-459.8151855,2094.240479,-4.082463741,-436.2598267,2161.523926,10.11385536,-233.1362,2295.53125,-44.33246613,-119.1269455,2136.215332,-31.78222084,-36.62549591,2169.267578,-7.415551662,43.75912094,2131.864746,-1.485418558,-27.55945587,2137.729736,180.5163269,-23.34760857,2071.35498,250.7050018,313.6641235,2111.499512,341.1468201,616.4041748,2210.873779,280.9707947,726.8421021,2108.475586,63.38685608,-32.21900558,2164.830566,14.5567131,302.4135742,2090.714111,-14.69405556,630.9837036,2034.032593,-122.7082443,674.5203857,1940.74292,92.12700653,-559.3651123,2058.850586,-44.3977623,-561.807312,2032.263306,-17.48620796,-597.1459961,2012.900391,87.32499695,-607.2758789,1981.970093,-28.82761955,-595.960022,2056.703125,60.94486237,-616.7374878,2122.845703
109.3388367,-26.46885872,2119.094727,94.63380432,-178.3768311,2094.708496,82.19020844,-299.6066895,2074.332764,75.32534027,-486.4058533,2053.525635,95.84326172,-454.0844727,2035.158203,157.9679871,-402.518158,1941.254272,198.2998505,-168.4224548,1911.529541,102.2980423,-1.083433628,1855.37439,73.240242,77.09030151,1853.565796,90.13803864,162.7776642,1887.250244,82.82133484,104.5412369,1834.927124,58.53254318,-457.1706543,2079.848633,-24.26662254,-443.3925476,2156.88208,-26.71829796,-232.4396362,2279.327393,-66.74777985,-122.9588165,2112.557129,-38.22710037,-41.58662415,2137.708984,-8.602787018,39.79315567,2106.633545,-28.91381073,-26.11685944,2122.524658,171.7729034,-24.74925804,2070.734619,236.210907,314.9502258,2097.776123,338.7426758,610.4747314,2207.362061,281.5670776,733.7205811,2118.590332,53.0392952,-28.01949692,2162.702881,-20.66078377,298.7993164,2074.508545,-78.09434509,620.5355225,2001.247681,-195.5699615,654.2171631,1915.451904,63.86548233,-554.5891724,2038.44165,-74.96422577,-552.6845093,2028.391846,-51.17173767,-583.9592896,1999.984131,49.10177994,-588.114563,1955.384766,-57.22387314,-590.6144409,2044.37561,39.42348099,-622.5610352,2094.594727
97.33071899,-18.50330162,2108.88501,81.23700714,-170.4877319,2085.875244,64.46832275,-290.693512,2062.711426,47.47763062,-477.0213623,2043.518311,67.21004486,-445.586731,2022.888916,123.0241318,-395.1579285,1924.508423,160.8162537,-160.9761658,1892.204834,54.52809525,2.121984959,1842.453125,22.9057827,78.65258789,1832.349609,30.86270714,146.6042633,1896.240479,40.91842651,105.1562881,1816.467163,34.91729736,-447.1176147,2071.404541,-24.31371117,-419.4367981,2164.708252,-51.92601776,-195.9746246,2258.538574,-164.9404755,-45.78320694,2180.613525,-102.2545624,-2.244304895,2133.257568,-22.99810982,34.93511581,2104.932129,-95.50726318,-10.70740414,2123.825684,158.5976257,-17.44369698,2059.034424,223.8130798,321.8918457,2088.723877,332.5774841,613.3513184,2203.099609,281.447052,737.227417,2111.55542,42.08366013,-19.45879364,2153.837646,-51.43339539,301.5528259,2063.115723,-127.3837204,618.7786865,1987.070557,-251.4157562,638.1849365,1906.224609,31.56375885,-544.6473389,2030.047607,-107.5483093,-548.406311,2026.49231,-83.85413361,-578.6539307,1996.913208,14.31264687,-578.6626587,1947.670532,-87.54842377,-585.5968018,2041.519653,12.56414509,-613.6201782,2087.081055
78.53371429,-15.60610962,2093.641602,59.90111542,-166.4397583,2070.599365,38.53491211,-284.7880249,2045.321899,22.06011009,-470.7003174,2032.790894,39.54195404,-439.8616333,2009.836426,94.1937561,-391.5490417,1910.589844,114.1842422,-157.875412,1869.493774,5.623474598,3.783255816,1824.582764,-2.02312088,86.39707947,1824.320801,-23.02303886,149.5962982,1889.380005,-32.09889603,103.6320496,1786.521118,11.64528751,-440.2981873,2060.666504,-37.76557922,-404.2423401,2156.050049,-73.3578949,-179.1222229,2239.18457,-185.7422638,-15.04266262,2201.753662,-131.8596344,27.84336853,2144.852051,-58.34784317,61.42000198,2101.92041,-131.4339294,14.71032238,2130.311279,135.848114,-14.47933578,2039.919556,212.8772278,319.7055054,2076.890625,335.0092773,604.307373,2189.830322,279.3147278,733.1175537,2110.076904,26.85080147,-16.62217331,2142.084717,-66.5661087,304.6011353,2059.54541,-141.1316986,621.9342041,1990.931763,-268.0709229,642.053772,1916.522949,5.873844147,-538.4376221,2022.623047,-132.2208405,-538.4558716,2012.681763,-108.6641846,-574.9423218,1991.714844,-9.030960083,-588.6872559,1949.110107,-114.6041565,-571.9298706,2036.268188,-18.42931747,-592.4472046,2091.70752
26.29066849,-11.22223282,2064.939209,15.2618227,-162.6309662,2051.660156,2.028289318,-282.7372131,2036.12207,-13.17128086,-467.5062866,2031.708496,2.440357685,-437.6976013,2006.796875,43.16516113,-394.5188599,1900.086914,73.12124634,-165.9165802,1849.484375,-28.56534004,-3.910556316,1797.879272,-79.04970551,59.65535736,1811.142456,-73.98679352,151.4881287,1818.88147,-71.25572968,91.63856506,1774.520264,-22.10552597,-436.4079285,2058.759766,-69.05703735,-396.7817688,2152.802246,-89.29053497,-172.8023529,2238.060547,-198.3642426,-7.959470272,2203.724854,-144.3965759,34.69343567,2147.945557,-71.09292603,67.61425781,2105.835205,-144.3217468,21.697052,2133.189697,84.29069519,-10.88811874,2012.958496,177.3712006,316.3640442,2047.25,323.9134216,583.9836426,2164.323242,280.4055786,732.732666,2124.482178,-26.0105114,-11.52351856,2111.8125,-120.6316223,308.2052307,2037.632935,-191.8782959,625.1049194,1977.981079,-314.1388245,667.2314453,1907.600098,-29.12242699,-535.1185913,2025.176025,-164.6570587,-549.918457,2009.343628,-136.9570313,-586.1743774,1995.060303,-35.07333374,-595.8233643,1959.672363,-145.643631,-577.6437988,2038.028198,-52.19730759,-580.6786499,2099.53833
-6.032912731,-10.17174721,2047.244019,-17.25811768,-161.9979095,2036.868774,-29.94632912,-282.6969604,2024.515137,-41.77239609,-467.960907,2020.071533,-27.39308929,-437.7741699,1994.781738,14.52834702,-395.6412354,1887.92981,30.18003082,-165.6576385,1835.690552,-86.09225464,-9.887814522,1796.054932,-116.9402542,64.18869019,1777.496338,-109.9933701,154.9778137,1793.329834,-103.1517105,88.79086304,1756.008545,-50.5663681,-437.046936,2047.466064,-98.32887268,-399.0461121,2141.949951,-114.4022598,-174.519104,2227.5625,-217.4125061,-4.476770878,2198.724854,-159.4375916,40.19400024,2148.64917,-83.10274506,73.69425201,2112.548096,-157.8652039,29.66178513,2134.217041,51.4478569,-10.81980038,1994.538208,143.7444916,318.013031,2018.985718,317.2110901,565.5534058,2144.367188,281.1687317,721.0515747,2130.351807,-57.86585617,-9.587368965,2094.771484,-139.8456116,314.8825073,2024.104858,-199.6343231,635.0700073,1967.029785,-319.5175476,683.9794922,1896.533203,-56.63132095,-535.9428711,2013.806152,-191.6917877,-542.5084839,1989.20105,-165.135788,-579.8389282,1975.303589,-61.77338028,-594.1051025,1945.810791,-176.0370026,-572.2352295,2018.002075,-86.82014465,-582.6008911,2085.02002
-21.57844543,-11.44280815,2042.050171,-40.33831024,-162.088028,2026.881958,-57.23596191,-282.0593872,2012.826904,-79.57632446,-466.1755066,2004.378052,-62.64702225,-436.4421997,1980.166016,-9.345259666,-399.8423462,1876.418091,2.568443298,-169.1043854,1826.787476,-123.9431839,-25.5816288,1774.485107,-141.3043365,53.45436859,1759.231445,-142.2192841,145.2071686,1770.13855,-141.0390015,75.8829422,1739.361694,-87.47801208,-435.2962952,2032.069946,-138.0216522,-397.6349792,2125.207764,-149.0810089,-171.066391,2205.969727,-241.6484985,4.407584667,2174.634277,-175.0574036,51.5320282,2139.90625,-92.84376526,84.39749146,2119.653076,-170.0610962,45.76160812,2127.770752,33.79663467,-12.81294727,1987.17041,126.868576,316.36026,2000.787231,311.1803589,552.685791,2132.0354,279.6976318,708.37677,2111.189941,-71.51259613,-10.20729446,2091.537598,-147.456131,315.1345215,2018.489868,-201.1069183,635.6692505,1957.746094,-323.8808899,691.6854248,1898.464111,-98.11359406,-533.0408325,1996.308105,-232.8553772,-556.3585815,1982.758301,-203.140976,-590.7546387,1967.757568,-101.384613,-593.7541504,1930.484131,-211.5885315,-582.9905396,2010.971313,-116.9414063,-580.3850098,2070.878418
-73.57830048,-8.569530487,2027.499878,-87.40486908,-159.5172577,2012.869385,-100.5519409,-279.8251953,1999.652344,-112.6600113,-464.728363,1997.057617,-102.4716949,-434.5808105,1969.895874,-71.53709412,-395.7445679,1858.432251,-58.62966919,-166.6394958,1803.80481,-171.8381805,-6.537228584,1776.491455,-179.0533752,69.6598053,1746.527954,-183.6647034,156.4651489,1715.696533,-177.4723969,97.08420563,1731.981934,-117.0943604,-433.8921204,2025.442383,-149.9933624,-397.0400696,2126.243164,-144.1405334,-170.4351349,2206.124512,-251.3850098,-1.986697316,2188.3125,-191.7729187,49.89202118,2148.472412,-114.5113525,89.6958847,2122.676758,-186.4197693,44.98819351,2137.178955,-27.6332531,-6.691665649,1964.704712,35.13295746,327.6908264,1932.754761,250.8036194,520.3834839,2084.441895,255.4324341,679.951416,2093.806396,-115.0089645,-10.26288319,2084.125,-175.3081055,317.6575928,2010.960571,-210.6643982,640.196167,1950.729248,-332.5471497,703.8626099,1898.413452,-128.1951294,-532.5914917,1993.178345,-262.1141663,-552.866272,1971.547363,-232.9579773,-589.9330444,1963.891968,-129.0005188,-601.5119019,1936.174683,-244.4222565,-576.0340576,2004.722168,-154.9698486,-568.4782104,2071.421387
-111.9725494,-10.1707468,2008.391113,-118.4533463,-162.8723602,1993.641968,-127.455574,-284.4041443,1978.884644,-143.2197266,-470.5057678,1973.127197,-130.7029724,-440.009552,1946.803101,-92.68527222,-396.4223022,1838.209717,-88.52045441,-162.4328156,1795.786621,-222.1690521,-15.78700542,1773.835205,-208.2403717,59.29351044,1741.625488,-228.5546112,148.2446289,1759.624023,-207.0823517,88.6811676,1726.148804,-148.7880096,-439.6641235,2001.826538,-190.7502899,-396.3636475,2097.616211,-176.7718353,-165.7931366,2170.900879,-275.8193054,8.670300484,2146.077881,-204.4164276,61.79011536,2139.533936,-123.1160889,97.09554291,2117.173096,-189.6214294,58.99485016,2142.003418,-63.56526947,-6.270842075,1946.744507,-1.201272011,330.8754883,1912.638794,219.121521,512.3782349,2076.794922,231.31427,669.9971924,2045.089233,-155.6235199,-13.68746185,2063.980469,-194.6955872,323.0761719,2004.5802,-210.0854492,652.0817261,1957.205078,-333.0184631,703.8746338,1892.30603,-159.9877625,-538.541687,1967.395264,-296.5105286,-557.7012329,1978.421509,-270.2689514,-595.0389404,1962.994751,-175.4391937,-606.6098022,1910.285645,-271.384613,-581.9667969,2006.03894,-167.5364685,-576.4857178,2049.648193
-149.3036652,-12.70501328,1995.854614,-152.7003326,-166.4458008,1983.943604,-159.6238556,-288.9281006,1971.507935,-175.9580231,-475.911377,1970.944824,-165.6466064,-445.8551025,1942.909668,-141.6217346,-405.1265869,1828.725586,-129.0443726,-171.0144653,1782.781616,-256.498291,-16.35152054,1789.301147,-235.7745361,45.38679123,1737.442505,-265.5238953,132.9646912,1750.553101,-245.9411316,81.0099411,1719.161011,-179.0910645,-444.3330688,1999.495239,-214.0205231,-398.7697144,2097.631348,-186.9835205,-168.0183716,2170.298096,-287.6238708,6.535678864,2145.109863,-216.1026306,60.08453369,2137.909912,-134.8663635,95.91384125,2114.491943,-197.9683075,56.02595139,2145.538818,-104.2155914,-8.70105648,1931.315796,-84.37363434,332.4468689,1876.419556,153.5263977,511.7041931,2020.222656,168.7626801,672.614624,2009.855957,-189.9615479,-16.31555748,2054.052002,-222.5286407,322.6798706,1994.445068,-219.4346161,654.3012695,1952.723999,-339.3224792,712.9761963,1886.472656,-193.2515717,-544.3212891,1968.040527,-329.4616699,-571.5012817,1970.765503,-300.2312622,-606.7919312,1955.216675,-201.8165588,-610.8508301,1907.153198,-304.3694763,-595.6571045,1998.829224,-202.9850922,-586.3916626,2048.489258
-168.6724548,-28.22588539,1990.834839,-168.4058533,-178.2644806,1973.010132,-171.691452,-298.0258484,1957.609375,-190.5889587,-480.8788452,1953.674438,-182.7468567,-450.8015442,1926.160034,-168.230957,-406.3629456,1814.481934,-166.624588,-175.3790741,1776.833008,-283.7888184,-18.03316116,1786.805908,-275.9520264,41.83583832,1731.988403,-301.3679504,129.7066193,1734.689453,-296.3988647,69.16136932,1707.426514,-190.4214172,-450.7154236,1982.635254,-212.2678375,-409.6538391,2083.83667,-198.4538116,-182.3891754,2154.728271,-297.3371277,-9.874105453,2149.404053,-229.5192261,44.49151993,2136.937744,-154.1410217,87.72018433,2113.688232,-211.9349823,49.54903412,2151.169434,-144.2780762,-19.53956413,1918.082886,-147.8690948,314.6481628,1860.989868,87.43384552,510.0672302,1967.932007,87.36663818,668.6607666,1963.348145,-190.6699524,-36.05872345,2056.438477,-293.4150696,286.4684448,2045.20105,-223.3721313,606.1646118,2055.279541,-321.8265076,712.460144,2037.481812,-208.7931213,-547.5557251,1950.691162,-344.374115,-558.8690186,1953.877319,-319.7651672,-597.3789063,1941.28833,-224.319458,-615.2965698,1895.503784,-322.6534729,-583.2003784,1983.137085,-223.0388489,-581.9780884,2032.007202
-187.3457794,-38.04733276,1987.117798,-188.5210266,-188.6760101,1967.120361,-195.8061829,-308.8231812,1950.716187,-218.3942566,-492.2500916,1944.508423,-213.379364,-461.385498,1916.847656,-208.6960297,-413.1366882,1805.15564,-212.298645,-180.5960693,1768.94165,-326.1309509,-20.27952576,1788.084229,-321.053833,33.59713364,1726.454712,-346.1144409,122.0281448,1731.16394,-307.3147278,52.27174759,1707.37915,-214.1687164,-462.7149658,1974.145874,-224.3340912,-423.4674988,2078.563721,-209.5762177,-195.688446,2152.146729,-311.4928589,-23.75273323,2160.574219,-246.1791382,32.55527115,2141.549561,-174.3766022,78.8431778,2111.793457,-227.0727692,41.15748596,2158.151611,-181.8578644,-27.89416122,1910.317017,-242.1652222,300.9208984,1843.150513,0.180870295,510.733551,1901.79895,-15.5392704,669.4317017,1896.468872,-192.2944489,-47.2028923,2056.372314,-301.3246155,273.7407837,2089.915771,-207.407196,589.3531494,2092.541748,-301.4628296,701.2402344,2106.220459,-238.1116638,-558.9293823,1942.080444,-374.3905945,-547.4522705,1936.757935,-355.8776245,-590.6102905,1928.546265,-261.9035645,-627.7894897,1890.526855,-358.6675415,-572.7415161,1969.240723,-262.6105347,-584.0570679,2024.905396
-217.1478271,-35.26057434,1979.179077,-219.5921936,-185.1131592,1959.644531,-229.4222107,-304.4665833,1943.586914,-248.8872528,-487.2001343,1935.964478,-244.3254089,-456.2147217,1908.700073,-239.7192535,-408.7623901,1797.373901,-240.1684875,-176.7109985,1766.404175,-353.1254578,-17.07616425,1785.529175,-350.3244934,37.40826797,1724.879883,-372.0240784,126.2589874,1728.668579,-372.6068115,65.82559204,1702.637939,-245.2467651,-457.984375,1965.677002,-252.9037933,-418.6083679,2069.616943,-235.6193542,-192.2721863,2142.922852,-332.3421326,-19.13823128,2159.088135,-263.8248901,33.53025055,2143.389404,-190.6854553,75.09333038,2111.464111,-239.200943,34.87656021,2162.949951,-212.3087921,-25.37255669,1902.720825,-284.1199036,301.2763672,1846.435425,-59.96258545,529.9903564,1896.440308,-102.4811172,675.3447266,1848.978149,-221.5113983,-44.17703247,2048.124756,-326.4431763,275.0575867,2091.200928,-213.8495178,582.6065674,2095.111328,-311.5017395,690.1460571,2109.982422,-267.4056702,-553.8128662,1932.990112,-403.3331299,-549.9522095,1939.356445,-383.530304,-590.3734741,1924.441895,-291.7375488,-616.7785034,1875.338989,-383.8690491,-577.9036865,1966.942261,-283.6768494,-590.1447754,2013.116821
-237.6752625,-34.70766449,1962.287964,-238.4665375,-188.5438232,1948.011597,-245.2030334,-311.5013123,1938.423828,-272.3796997,-497.5325928,1936.792847,-271.2984619,-466.3032837,1908.064819,-284.5420837,-413.6757507,1796.796875,-276.1846619,-177.1540222,1761.328979,-386.4312134,-12.46094704,1793.968628,-381.8671875,34.31498718,1725.084717,-402.6244202,125.2742996,1732.283447,-381.1835022,62.07079697,1703.944092,-262.7147522,-467.5401001,1965.694824,-265.9975281,-424.1076965,2070.924561,-240.3254547,-192.7356567,2143.489746,-361.4881287,-29.52511597,2150.786133,-297.6194763,32.68224716,2140.166016,-224.6141205,80.01455688,2110.336426,-265.4011841,23.28604317,2168.716553,-260.1802673,-27.59889603,1886.934082,-362.1539001,300.2867126,1839.118896,-185.5609283,578.9520874,1869.763672,-267.1423645,716.9641113,1894.613525,-217.3815002,-41.11795807,2030.237915,-268.3536682,299.2176514,1991.394165,-205.3817902,618.6165771,1913.168579,-323.5996094,708.8400269,1925.989502,-293.8305054,-564.9334106,1937.915161,-424.9969788,-557.8583374,1983.848389,-411.0392456,-599.4126587,1963.161499,-336.1652527,-627.8486938,1888.075684,-398.6439819,-587.2880859,2004.987671,-287.383667,-602.8525391,2020.893555
-262.9207153,-36.99788666,1947.539429,-269.4883118,-190.2757874,1936.412109,-281.1498718,-312.5515137,1930.497803,-306.0273438,-498.0680237,1932.547363,-307.1125793,-467.2937012,1903.603638,-318.4287415,-416.7808228,1791.747192,-307.8729248,-181.1730194,1757.885742,-409.7864075,-11.87910175,1788.603149,-413.762146,37.48709488,1721.968872,-435.4810181,127.5530167,1731.769775,-412.4204102,62.13418579,1700.478882,-294.9866638,-467.7736816,1960.343628,-280.8490906,-424.6828613,2064.267822,-267.28125,-191.7958374,2131.47583,-381.8286133,-27.36209297,2160.624756,-318.201416,33.67023849,2145.865967,-248.1244507,80.72255707,2110.352539,-280.9569092,18.00829697,2172.814697,-295.7343445,-30.42749977,1876.400635,-403.6055908,295.823822,1843.755005,-247.6443024,586.4915161,1846.219604,-351.4494324,700.5135498,1798.120972,-233.3312073,-42.92269516,2011.688477,-282.1662292,298.3673706,2007.024536,-203.0789795,615.1373901,1939.785156,-290.8306274,702.5687256,2021.885376,-326.464386,-565.3937988,1935.715088,-449.4280701,-571.9447021,1999.213745,-437.8590698,-608.4519653,1969.848145,-374.092865,-620.0870361,1881.838989,-419.9934692,-603.3522949,2010.920532,-307.8458252,-616.7263794,2008.584229
-289.7721863,-32.56638336,1937.455444,-291.2344666,-185.7483063,1925.213745,-297.0082092,-308.2649536,1918.121094,-321.607605,-493.6245728,1921.353516,-325.6029663,-462.6736145,1892.916016,-361.1277161,-415.0627441,1785.054077,-356.2732544,-179.2393188,1753.017578,-442.2569275,-4.448801041,1797.407104,-433.5554504,35.57233047,1725.277954,-462.5653381,121.6439896,1745.611572,-428.8202209,69.91796112,1709.004028,-307.8068848,-463.5546875,1948.078491,-285.8271484,-420.281189,2050.436523,-278.6955872,-187.7692871,2119.09668,-399.3510437,-31.12170029,2161.946533,-339.2235107,33.57497787,2148.709229,-272.7968445,85.8611145,2113.72583,-297.5173035,12.76050854,2176.460449,-329.3804321,-26.78764534,1869.876831,-454.8755493,293.6364441,1847.565674,-340.2079468,602.4960327,1839.154785,-453.8249817,706.3910522,1790.801147,-254.0557098,-37.77732849,1998.393921,-289.7653503,304.8111572,2002.927246,-203.8291626,621.7891235,1947.693604,-298.1260376,732.4324341,1977.856934,-341.6289368,-560.9140015,1926.090576,-479.6974182,-552.8847046,1931.721313,-460.792511,-591.8327637,1910.502319,-367.694458,-614.0176392,1857.91626,-461.3666687,-586.0596924,1955.16394,-360.7460327,-609.4907227,2000.594849
-317.6613464,-27.95495415,1936.269287,-318.3016663,-181.8549652,1924.209839,-324.2821655,-304.9545593,1917.753662,-348.1658936,-491.2866821,1918.795654,-351.5009766,-459.9837341,1890.373901,-390.9389954,-413.921814,1782.561401,-381.5211792,-176.855835,1752.763916,-473.6991882,-4.624456406,1798.776855,-470.0048218,34.70431519,1725.414185,-483.1969299,124.7041092,1747.047363,-468.4291077,56.42985535,1699.805664,-335.2351685,-461.2353821,1946.273315,-320.700531,-414.193573,2048.865234,-312.7973633,-180.9996643,2119.000488,-430.6633606,-20.95934677,2161.409424,-368.1789246,42.5021019,2150.595703,-299.1659241,93.64156342,2117.913818,-324.5020142,8.202542305,2181.22998,-357.3192749,-22.4626255,1868.283081,-495.4888306,294.9763489,1856.47583,-436.1464233,620.4384766,1844.133667,-576.385498,695.3080444,1812.432007,-281.9000549,-32.90763092,1997.575562,-302.4989319,312.5085449,1999.286133,-212.0999451,629.348999,1941.341553,-323.6106262,722.8878174,1908.790039,-368.0766907,-559.0100708,1922.428589,-506.9898987,-558.8092651,1928.432373,-486.0978394,-593.3230591,1901.636597,-391.6728821,-602.791626,1846.616455,-486.8840942,-594.3109741,1946.859619,-384.6716309,-619.3127441,1989.057007
-348.2026672,-27.51680756,1930.616333,-347.5088806,-181.2724457,1920.290161,-351.4687805,-304.286377,1914.839355,-377.5539856,-489.9895325,1913.428101,-380.7372742,-458.2994385,1885.532959,-421.7065735,-409.9731445,1779.545654,-403.5917358,-173.6720886,1751.066406,-506.6448975,-8.063435555,1796.792847,-503.5809326,31.90006638,1723.910767,-508.4556274,124.5800247,1733.818115,-490.2920837,56.38398361,1703.976074,-364.0583496,-460.5445251,1941.173218,-348.3589172,-416.8336182,2044.841064,-331.6537476,-187.5336456,2124.189453,-455.1757507,-32.30334854,2166.681396,-395.6540527,33.44644547,2154.24585,-329.443634,86.9342804,2120.012695,-350.3049927,2.91554451,2185.702148,-389.7672729,-23.22059059,1863.853638,-525.4983521,294.8299561,1864.020874,-524.0211182,624.4644165,1840.439697,-673.2443848,686.5626831,1848.312378,-310.7220459,-31.39089775,1990.819214,-319.0573425,313.8109131,2000.202393,-220.3647308,626.9194946,1938.967285,-329.1786804,726.3018799,1917.782593,-398.2174377,-557.3964233,1916.257202,-535.3366089,-552.5185547,1937.234619,-518.81073,-586.7733765,1907.38501,-431.4119873,-597.6986694,1842.323242,-514.7923584,-589.2358398,1952.300049,-409.8717041,-619.1576538,1982.376343
-371.7632141,-20.25350952,1937.878052,-373.3596191,-173.9571686,1925.265625,-377.6126099,-296.8822632,1916.676147,-404.827301,-482.3144531,1906.706787,-406.9015808,-449.4497681,1880.041504,-450.2520447,-400.6923523,1775.087158,-438.0942078,-163.530838,1749.078613,-528.4492188,8.887275696,1797.143066,-525.4174805,50.73498154,1725.246948,-537.253418,136.2853394,1760.837158,-509.2017517,94.22732544,1721.514893,-392.0483704,-454.1210938,1936.095825,-382.9753723,-416.3138733,2042.929199,-361.0457153,-191.1763916,2132.828125,-485.283844,-34.85722733,2169.648193,-425.4904785,30.63158989,2156.629395,-358.6522827,83.33660889,2122.203125,-380.0583801,-1.673452616,2190.164795,-407.080658,-14.12604713,1867.674561,-573.3807983,289.3823853,1867.756836,-603.8013306,618.6412354,1860.175049,-757.8081055,668.0206299,1868.650879,-339.915863,-25.77891159,2001.183472,-336.302063,319.9098206,1999.887939,-220.5211334,628.7025146,1945.576172,-328.033905,723.6051636,1905.121094,-426.0126648,-549.6755371,1906.06543,-560.4223022,-546.2142944,1940.977051,-546.0883179,-582.1824341,1911.957642,-465.5389709,-595.8789063,1838.919189,-537.3751221,-581.3490601,1956.300293,-429.0109253,-606.8432007,1977.187744
-405.3456116,-15.61397171,1931.369019,-404.9934692,-169.3528442,1920.315186,-406.2842102,-292.3213196,1912.483887,-434.1673889,-477.7464294,1907.68689,-437.6229553,-445.4338074,1880.534912,-485.0112305,-396.436554,1777.543213,-480.9437866,-159.6688995,1747.112061,-571.8334351,11.99272251,1796.36084,-564.0793457,54.02617645,1724.986816,-567.3044434,143.4430847,1751.621216,-547.7478638,71.04651642,1703.637695,-419.8202515,-449.0181274,1935.768066,-401.3047485,-408.2441406,2040.191406,-387.4304199,-183.3190308,2131.815186,-511.3839417,-30.23861313,2180.590576,-453.728363,36.55649185,2165.158203,-390.284729,91.19179535,2127.606689,-404.2593384,-4.020176888,2195.307129,-447.8560791,-10.95439911,1865.209351,-602.008606,298.4075012,1877.933228,-680.6295166,619.4463501,1881.943359,-839.7233276,645.7109985,1895.94812,-367.012085,-19.81571388,1991.028198,-354.6535034,325.2974243,2001.822754,-227.7711487,629.7571411,1949.103638,-332.2315369,727.7613525,1908.376099,-455.4141235,-545.0219727,1909.519043,-588.4851685,-505.5400696,1912.153076,-579.2626953,-552.4567871,1919.382446,-499.5891724,-621.5437622,1889.799316,-572.1074829,-520.8305664,1950.831421,-470.2922058,-533.1175537,1998.751709
-436.7033081,-10.25495434,1938.881836,-437.2036743,-164.401001,1924.59082,-438.6578369,-287.6841431,1913.819092,-466.2929382,-473.8060913,1904.588501,-469.7369995,-440.7346497,1878.067383,-518.7838135,-389.4360962,1776.333496,-517.2350464,-151.7094269,1744.979858,-599.2937012,24.23648453,1798.029419,-590.1777344,67.59313202,1727.186279,-603.586731,149.9522858,1769.946899,-559.7584229,97.07775879,1724.435181,-452.02948,-445.5888367,1933.501099,-433.8450317,-406.0525818,2038.993164,-418.0325623,-183.2671204,2138.049805,-535.9591064,-25.88801003,2191.547119,-477.1388245,39.51614761,2172.666992,-413.9052429,92.38341522,2131.431641,-426.9624329,-4.619125843,2201.021973,-478.4632568,-3.91669488,1871.978149,-627.4926758,309.2099304,1892.389893,-742.5213013,620.1844482,1909.154907,-904.2233887,636.8329468,1908.185303,-399.0464783,-15.97044086,1999.211792,-369.7305603,329.7273865,2006.189087,-232.0320129,629.9544067,1947.438232,-331.2103882,732.4642944,1902.442871,-487.5097046,-541.4381104,1904.789917,-624.3960571,-518.8745117,1918.755615,-609.2145996,-564.9573364,1920.949463,-523.8166504,-621.1143799,1880.275269,-603.6764526,-535.4549561,1954.967163,-497.6594543,-539.3386841,1995.843872
-476.300415,-5.148816109,1930.031982,-475.9152222,-158.3242493,1920.986328,-475.3128052,-280.7656555,1913.524292,-503.4330444,-465.3624878,1912.903076,-507.9363098,-433.6345825,1885.512451,-555.9046021,-389.7044067,1781.176758,-545.2698975,-155.0001221,1745.251709,-632.9644165,17.70311546,1792.968506,-613.9026489,63.23196793,1726.464111,-619.7412109,154.276474,1744.177246,-607.375061,101.5805588,1714.076904,-487.995697,-436.3355713,1939.782227,-459.6627502,-394.6477356,2041.039673,-447.4648438,-172.3103485,2136.248779,-558.796875,-15.06927586,2196.976807,-499.1278992,48.74253464,2179.101318,-435.9095764,100.7613678,2138.577881,-449.5496521,-3.427238703,2206.723389,-524.682312,-1.631505132,1868.411621,-672.6364136,307.5898438,1900.777954,-790.1443481,613.8434448,1926.914673,-948.2019043,640.9746704,1942.515015,-432.6723633,-8.320529938,1985.5979,-396.894043,333.0963135,2006.933716,-244.0386353,621.968811,1945.610352,-328.5187073,737.5427246,1907.110474,-524.5618896,-532.2606812,1916.681152,-661.6865234,-517.2747192,1908.1427,-645.0526733,-561.0015259,1919.490967,-552.9951172,-616.2121582,1900.371704,-645.8678589,-526.7672119,1948.636597,-547.739624,-517.4623413,2003.252563
-512.9405518,-3.629200459,1934.27417,-517.3339844,-157.7284851,1923.318115,-519.0429688,-280.8482666,1913.089355,-544.9770508,-466.9378357,1904.690186,-550.9894409,-433.7871094,1878.8479,-610.880188,-385.7912598,1781.660767,-602.65448,-149.2540436,1745.730225,-678.6428223,30.05410767,1795.174316,-664.2453613,72.3899765,1724.755249,-659.1708374,159.6410217,1758.275757,-640.09729,112.6124268,1723.171265,-528.767334,-438.7836304,1932.512573,-498.1317444,-401.1123657,2035.572998,-476.9274292,-181.4008026,2139.374023,-581.4172363,-21.45253181,2209.355225,-521.392395,41.80177307,2187.83667,-459.6113281,93.59803772,2143.498779,-470.1555786,-4.036669254,2213.155029,-562.8592529,2.127060413,1873.328613,-709.1119995,314.2778015,1911.355957,-823.6707153,623.6738892,1943.012451,-981.0571289,657.5029907,1963.581177,-467.9266663,-8.81987381,1989.231567,-425.1572571,334.1308594,2013.124756,-256.0594482,615.0250244,1944.717285,-334.0584717,734.9342041,1901.904785,-565.2271118,-534.7285156,1906.09082,-703.5386353,-526.0037231,1919.177856,-683.7557373,-570.1431885,1922.559692,-593.0133057,-618.156189,1883.557251,-681.4334717,-539.4418335,1955.778076,-575.9435425,-531.4216309,1996.890625
-534.8668213,-2.532481194,1942.055542,-550.2394409,-155.0441895,1935.523926,-556.3265381,-277.1730652,1925.950195,-583.5552979,-461.5073547,1914.20813,-589.2594604,-428.0835266,1889.167114,-631.4364624,-387.1842957,1781.179443,-615.4485474,-151.3794403,1756.3573,-710.2352905,17.90074921,1802.653931,-692.4244995,63.68976974,1735.994507,-691.3528442,155.4821167,1721.579224,-687.682312,64.55088806,1703.628784,-567.2393188,-434.2032166,1942.336304,-514.883667,-397.5930481,2035.658813,-451.6293335,-164.2409668,2049.019287,-496.0099487,28.54800224,2089.763184,-454.4772949,64.58171082,2019.573975,-436.2175293,127.3286362,2083.385986,-393.6005249,24.56410027,2148.922119,-579.553833,4.713816166,1878.030029,-720.5861206,315.4042053,1923.937866,-826.3432007,625.0922241,1958.057983,-978.9259644,673.647644,1975.83606,-494.5705261,-9.066786766,1999.790161,-445.4474792,330.66745,2020.73645,-271.6478577,604.6715698,1948.208008,-335.3892822,730.0286255,1901.371948,-604.1977539,-528.6541748,1914.359619,-741.0637207,-522.3873901,1932.368286,-721.458252,-566.1517334,1928.217407,-632.6149292,-606.9490967,1879.969971,-718.1570435,-541.2598877,1965.515137,-612.3240356,-539.6638794,2004.145386
-600.1028442,-3.249966383,1942.305054,-606.9523926,-154.8775024,1933.057739,-606.3464355,-275.8366699,1920.927002,-627.1317749,-459.4365845,1910.817993,-636.9036865,-426.4633484,1887.097656,-690.5274048,-383.0598145,1786.664307,-659.3423462,-151.5758514,1756.307007,-710.0836792,34.23289871,1800.825928,-749.4280396,54.97086716,1731.845703,-716.9301758,140.7444458,1740.161743,-704.25,64.7549057,1703.417236,-608.9855957,-431.854126,1936.914307,-552.0535889,-394.243927,2025.84668,-498.1322632,-177.2930908,2113.155029,-506.0732422,2.110615253,2201.633789,-497.8717957,57.53024292,2269.978271,-494.2608643,141.7216797,2236.901367,-515.5236816,94.48389435,2265.813232,-647.8848877,2.629464626,1881.292969,-770.5132446,318.0875244,1924.682617,-835.3134766,636.1121826,1956.39856,-974.96875,713.0743408,1964.784912,-557.015686,-8.551707268,1997.322388,-510.4650269,327.1440735,2033.723389,-307.8487549,575.546875,1957.326294,-340.6660767,710.8404541,1910.40271,-644.75354,-526.7689209,1912.705688,-780.0292969,-519.210022,1932.759277,-760.8556519,-562.8074341,1929.990112,-673.859436,-605.5018921,1882.19458,-756.8045044,-536.7304688,1965.899902,-651.2195435,-534.1657715,2002.185303
-643.4150391,-4.456264019,1949.326416,-649.2415161,-157.0035248,1938.219727,-648.7277222,-278.67453,1925.209961,-666.2110596,-463.369873,1908.588989,-677.0733032,-429.5379028,1886.099487,-735.9292603,-381.8996582,1789.619385,-733.4372559,-146.7225494,1759.69751,-793.8341064,36.44915009,1808.653931,-789.994873,73.63103485,1734.980225,-775.1308594,158.3657227,1769.523438,-757.2478027,104.5512619,1727.517578,-648.0697021,-436.2191467,1935.573486,-590.2861938,-401.3262634,2025.98291,-543.9682617,-186.1556091,2125.546875,-541.8463135,-5.639165878,2215.070801,-535.9151001,53.42261124,2281.320313,-548.3902588,136.3430023,2245.657227,-535.0089722,90.49256897,2261.669189,-692.2849121,1.834237933,1888.565186,-816.2293701,319.2174988,1931.852661,-842.1282959,645.2791748,1959.398682,-972.399231,739.2845459,1964.444824,-599.3468628,-10.12868595,2004.117432,-580.7005615,328.9553833,2052.991211,-352.4186707,554.0484009,1967.873535,-355.1008606,693.3152466,1918.224365,-682.593811,-531.5101929,1908.275269,-811.9909058,-539.1904907,1955.215332,-795.9399414,-576.1663818,1929.116333,-721.3270874,-588.9954224,1851.02832,-783.7838745,-569.2211914,1971.732056,-672.5753174,-579.5665283,1984.433716
-673.59198,-0.640241206,1958.012329,-680.0869141,-154.4999695,1951.647949,-684.8410645,-277.5085449,1946.266235,-703.5581665,-463.1748047,1927.371094,-713.0952759,-428.838623,1904.498291,-760.6708984,-386.4786987,1798.69519,-752.8130493,-149.7313385,1768.953613,-815.5256348,34.78534698,1815.544067,-838.9522095,62.22363281,1740.585327,-825.737793,152.4201813,1760.69104,-804.5250854,105.6916733,1729.120117,-686.2798462,-436.2168274,1955.553589,-629.3047485,-402.9284363,2048.04126,-584.0461426,-185.7166443,2147.757324,-554.0113525,-3.611937046,2232.070313,-569.4674683,63.47067642,2289.377441,-570.0917969,137.1051941,2234.633301,-611.2033691,103.7851486,2251.074951,-717.3319092,3.909605503,1892.656128,-837.2473755,322.0376892,1956.154907,-840.2498169,651.6089478,1981.170776,-968.9640503,746.8473511,1957.581787,-634.1497803,-4.743038654,2016.947021,-621.3168335,333.4411621,2086.421631,-380.9524841,541.2758789,1983.502563,-378.1077271,681.1654663,1932.551147,-720.7233887,-531.6081543,1925.793823,-856.0073242,-526.1829224,1956.461548,-837.9422607,-569.267395,1943.986206,-754.1992798,-603.6134033,1882.323853,-830.829895,-550.3548584,1984.383667,-721.6428833,-556.2541504,2013.637085
-712.2879028,-7.795008183,1960.108521,-720.9317017,-162.4388885,1951.408203,-727.7788086,-286.0698242,1944.401978,-749.0966187,-473.3348389,1933.668335,-760.4534302,-439.5217896,1910.341064,-819.4561768,-395.9391785,1809.990967,-819.1291504,-158.5931549,1772.504028,-896.2989502,19.4631958,1827.404175,-889.4355469,59.82440186,1754.366211,-853.7302246,146.6608124,1750.840332,-848.7831421,92.22169495,1751.836914,-729.215332,-445.3709412,1959.475098,-659.7655029,-409.8112793,2043.073608,-608.7489624,-190.3148193,2138.794678,-603.1721802,-8.957966805,2232.539551,-612.4293213,42.65161514,2305.877197,-624.3312378,114.6254578,2249.244873,-624.7015381,104.2234116,2251.418945,-761.6473389,-1.562910199,1898.375122,-863.4727783,326.62323,1954.069824,-850.2940063,658.1046753,1979.018311,-979.3881226,757.4500732,1978.159058,-667.7783203,-13.41476536,2015.776123,-704.0189819,320.1325989,2107.14624,-449.6110229,517.463623,2010.43103,-442.1324768,652.5564575,1945.96228,-766.7868042,-542.0869141,1935.990356,-898.6948853,-564.9672852,1975.985596,-875.4822388,-601.6793823,1954.02832,-793.2097168,-609.8589478,1881.121216,-867.4501953,-589.5090942,1997.088623,-755.6217651,-582.4971924,2017.694458
-744.6004639,-14.77163506,1969.088745,-752.6279907,-170.9237976,1962.690674,-759.1749268,-295.7569885,1957.671143,-776.5372925,-485.005249,1945.464966,-788.2030029,-451.0132141,1921.866089,-850.2073364,-407.8000488,1821.810791,-857.2393188,-168.6160583,1783.123413,-940.0707397,8.821591377,1838.298218,-934.1629028,50.26873398,1764.940552,-905.0351563,137.801712,1786.685547,-905.0928345,92.71702576,1761.2146,-757.6173096,-456.5293579,1972.051514,-691.026001,-419.8893127,2058.826172,-647.8361206,-195.493988,2152.531738,-622.2059937,-7.501423359,2232.817627,-642.6378784,53.77550125,2296.83667,-646.9369507,135.2840271,2251.923828,-624.8108521,103.5887985,2235.916748,-791.8919678,-9.70582962,1904.786987,-881.3726807,325.4163818,1959.526367,-846.8560791,658.2199097,1985.51001,-967.0921021,768.5221558,1966.029053,-701.9556885,-19.33969307,2027.072632,-769.8079224,310.6670532,2124.727539,-515.4813232,510.7863464,2023.351929,-519.4318848,651.3303223,1967.768311,-792.9893188,-554.723999,1947.090942,-931.7194824,-555.6062622,1971.98645,-911.4016724,-597.7123413,1956.996338,-822.536377,-625.2483521,1896.088135,-906.6746216,-581.4634399,1999.62085,-797.1347046,-586.4364624,2034.032593
-775.2338257,-17.38269997,1980.858032,-781.4923706,-172.6469269,1973.171997,-791.184082,-296.6045227,1969.901855,-801.6525269,-484.3935242,1948.198975,-814.1757202,-449.8873901,1926.300537,-873.8045044,-404.7741394,1826.550659,-895.2342529,-166.3166046,1799.102173,-991.8296509,3.878086805,1850.221191,-976.6201782,50.40498352,1781.990601,-964.9631348,141.756897,1801.945435,-953.8404541,106.1752472,1866.259033,-784.1488647,-456.8088074,1976.24646,-719.6143799,-423.823761,2065.12793,-674.1738281,-197.5554047,2148.976563,-669.3892822,-8.691922188,2228.096924,-674.0648804,41.16753387,2303.377441,-676.9387817,113.6326218,2245.763672,-661.3157959,101.3522568,2238.661865,-816.5820313,-12.36291599,1913.124023,-897.0897217,323.3621521,1964.980225,-845.6065674,652.4876099,1983.586304,-971.5393677,755.9251709,1972.112793,-737.9483032,-21.9092598,2041.93689,-827.4769287,298.4363708,2146.736328,-590.0387573,510.6046143,2035.910156,-621.428772,649.5308228,1987.877075,-815.5671997,-554.2272339,1946.154297,-951.3813477,-573.5662842,1974.737793,-926.0216064,-612.5050659,1959.79895,-836.3461914,-628.5078125,1897.15625,-922.4893188,-595.1801758,2001.825562,-813.0899658,-584.6287842,2033.055786
-809.2481079,-20.69931984,1991.716309,-814.307251,-173.0447235,1980.800171,-822.928894,-294.7539673,1974.593628,-827.9897461,-479.7455139,1956.233887,-841.6177979,-446.5725403,1934.402588,-903.8328857,-403.8100586,1837.992554,-935.9347534,-170.9699097,1809.939819,-1026.526489,-5.855009079,1873.196289,-1014.25946,43.99357986,1808.635376,-1007.113953,134.9966888,1823.942993,-972.2722168,84.28199005,1866.192383,-811.211853,-451.723938,1983.104858,-746.3153076,-421.6142883,2070.121338,-703.3648682,-200.8613434,2157.273926,-680.6241455,-15.91289043,2233.127441,-704.0802002,45.09288788,2293.256836,-691.7940674,114.9596863,2236.294434,-674.7130127,92.68754578,2234.953125,-846.7208252,-14.5642662,1923.462646,-907.7025757,320.3817139,1964.541138,-848.4779663,642.380249,1979.181641,-957.0341797,757.0463257,1950.571899,-775.4573364,-26.23156738,2053.263672,-912.3543091,283.7955933,2103.107666,-693.9309692,529.8712769,2065.497314,-726.6939087,671.0221558,2037.188721,-839.6227417,-548.7394409,1955.473999,-968.5376587,-588.914856,1982.171265,-938.6052856,-621.8852539,1964.402588,-850.0168457,-619.8016968,1901.635132,-937.0526123,-607.8963623,2006.918945,-831.7835693,-584.6595459,2038.131226
-830.5095215,-23.69787025,2003.873169,-840.8031616,-176.2983246,1992.894043,-848.9642334,-298.2967529,1984.077881,-872.6081543,-483.0771179,1973.216187,-884.0146484,-449.4104919,1950.604736,-941.6882324,-407.5957336,1850.495117,-977.2119751,-174.3730469,1822.927002,-1072.575928,-14.95972252,1895.272461,-1076.143677,29.95973396,1825.85022,-1061.636963,118.6434021,1849.307251,-1013.520691,66.39113617,1883.287598,-851.9549561,-455.7996826,1998.32312,-778.0924683,-429.004303,2079.582275,-732.3712158,-206.777832,2163.811035,-700.6533203,-20.90784836,2235.918945,-729.2086182,37.87200165,2296.506592,-724.1618652,116.8646317,2251.028564,-731.99646,89.13671112,2255.628906,-869.0072021,-16.21920204,1936.019775,-921.0643921,322.0380554,1971.661499,-845.4396973,642.064209,1973.301392,-956.232605,756.3130493,1948.820435,-795.7944946,-30.44171524,2065.059326,-946.5365601,270.4227905,2135.066162,-773.9470215,550.4971313,2088.195313,-839.3591919,681.6517334,2066.585938,-890.8729858,-550.8256836,1975.671509,-1028.061035,-548.4489136,1991.453491,-1007.287842,-591.5678711,1986.590698,-916.6889648,-628.9013062,1938.939819,-1005.246277,-567.5363159,2024.508179,-900.2026367,-564.2282104,2064.964111
-854.9077148,-34.37039566,2003.490723,-870.9312744,-183.1731873,1993.505005,-881.8764648,-302.2077637,1983.996094,-894.2254639,-484.1626892,1976.374023,-908.4989624,-452.2742615,1954.519287,-972.8851929,-413.4939575,1860.733887,-1026.739624,-188.9711456,1834.858765,-1121.54541,-30.86875343,1898.430054,-1116.924805,40.79648209,1861.052368,-1115.21875,129.5421448,1880.405762,-1097.371216,65.00904846,1854.183472,-874.5198364,-455.9657288,1999.609375,-801.3366699,-429.6211853,2078.193848,-762.807251,-212.6209259,2164.614502,-730.5724487,-31.61531639,2236.673828,-756.1425781,32.14513397,2290.333984,-737.0905762,114.2946625,2260.966797,-743.8820801,76.45048523,2259.271729,-902.892334,-25.23822212,1944.405029,-928.7659912,309.2022095,1972.140381,-851.3049927,621.4001465,1970.041138,-953.7996216,740.9273071,1965.9823,-811.6378174,-42.60528183,2056.770752,-941.7249756,267.1778564,2069.30542,-861.2171021,581.7747803,2083.721191,-949.8280029,679.0037842,2144.505859,-907.7955933,-551.3703613,1980.34375,-1040.619019,-571.7541504,1994.292236,-1013.43335,-609.8850708,1989.652954,-919.4382324,-630.7459717,1943.936768,-1015.816956,-586.5415039,2026.823975,-915.5020752,-566.21698,2067.546875
-890.0326538,-35.17232132,2006.68689,-906.6340332,-181.5382538,1998.431519,-916.2806396,-298.6549072,1988.319824,-921.833313,-477.743042,1976.883423,-938.8373413,-446.4836731,1957.474854,-1006.713379,-407.9589844,1868.68335,-1065.639771,-187.9640503,1849.869263,-1154.733276,-39.22364044,1931.889282,-1158.371582,22.32523918,1881.494873,-1168.201538,110.6086044,1891.19812,-1149.218018,50.98905563,1870.741821,-901.7611694,-449.780365,1998.846802,-833.0991821,-418.7460022,2077.268799,-790.6004028,-208.4918671,2167.85498,-757.4519043,-32.99710083,2244.201172,-784.7210693,38.02177811,2283.75,-779.2651367,125.6729813,2282.329346,-770.9442139,68.74665833,2265.644775,-941.994751,-26.23810577,1952.780151,-936.6254883,303.8135376,1978.083984,-862.1317139,610.6054688,1957.225708,-958.9857788,729.0802002,1981.396362,-843.1762085,-43.22869492,2055.297119,-911.1817627,280.4047546,2053.2771,-871.4008789,590.5505371,1986.569092,-946.8236694,695.2116699,2047.185669,-932.1590576,-544.4274292,1980.027954,-1059.93457,-552.3154907,2015.657715,-1041.556641,-589.260437,1994.686035,-963.4369507,-605.0366821,1926.575562,-1033.40918,-579.0875854,2035.911743,-927.3553467,-584.6914673,2057.381104
-914.9048462,-33.07803726,2015.937622,-932.7624512,-178.8896027,2012.871704,-939.1020508,-295.6280823,2001.463379,-950.8353882,-474.0411682,1999.877808,-967.4884644,-443.4022217,1979.542603,-1034.974609,-411.0484619,1888.657104,-1090.746094,-191.4686584,1866.917725,-1176.588989,-31.18375015,1925.471313,-1204.46106,40.57236862,1906.40271,-1220.280029,120.5613708,1870.749268,-1197.151001,71.39121246,1921.521973,-929.1242065,-445.7874756,2019.472656,-859.5420532,-413.291748,2095.850342,-813.9140625,-202.8618927,2181.955811,-774.6920166,-27.42178726,2253.375977,-804.6964722,42.76753616,2291.646973,-808.9689941,129.1820526,2278.766602,-789.1398926,72.04930878,2270.291992,-970.7275391,-25.19826126,1966.327026,-944.0247192,302.6034241,1989.625366,-869.637207,606.876709,1955.363647,-953.5305786,733.0866089,1984.321533,-864.5669556,-40.18357849,2060.673584,-929.1671143,282.402832,2045.157959,-901.2269287,583.0042725,1943.927002,-961.0126343,701.7136841,1993.777344,-963.1334229,-539.8051147,2006.947754,-1088.576538,-525.3173828,2046.551758,-1077.192383,-565.5274658,2027.09436,-1005.518311,-596.7796021,1957.905151,-1066.020508,-554.918335,2067.304199,-961.9207153,-576.4782715,2085.80957
-951.8848267,-30.07106209,2026.754395,-968.6707153,-177.6396027,2025.909424,-973.1569214,-295.9212646,2016.545044,-977.0286865,-476.5312805,2010.891724,-994.673584,-445.8791504,1990.541138,-1064.177246,-414.8841553,1899.045776,-1128.895508,-194.9470215,1879.957031,-1229.614502,-54.60603714,1966.227905,-1244.888306,21.6079464,1946.622559,-1241.854492,109.5268402,1927.834351,-1229.078003,46.47259903,1927.921875,-956.8765259,-447.4856262,2031.863403,-887.1799927,-419.1299744,2111.391602,-840.5567627,-205.1371765,2194.938232,-800.8846436,-26.70858765,2264.377441,-823.5023193,47.2141571,2302.769775,-800.87854,132.0495148,2313.219971,-828.8154297,77.44930267,2282.722656,-1004.516724,-23.77303314,1972.418823,-966.3731079,306.6367188,1993.610107,-871.0361328,608.4342041,1957.85144,-935.5180664,746.7399902,1990.053955,-904.4242554,-35.75027466,2075.751221,-956.1149292,289.9021301,2029.770142,-950.4989624,601.9440918,1951.071411,-1026.138794,710.0013428,2007.568115,-986.7035522,-543.6240845,2016.325928,-1110.768677,-536.8283691,2065.894043,-1098.654175,-576.3014526,2044.298462,-1030.05542,-602.2197876,1968.39978,-1084.946289,-565.9768066,2084.298584,-977.6298218,-582.5046997,2094.659424
-975.5892334,-26.39581108,2045.834839,-997.6705322,-173.6501465,2044.1427,-1003.781677,-291.9714966,2032.532715,-1013.520386,-472.9007874,2029.801636,-1030.160767,-441.9496765,2008.852295,-1097.522217,-415.074585,1914.10498,-1156.655518,-192.3842926,1903.421631,-1254.455811,-45.34202957,1982.738403,-1273.495728,28.86702538,1958.441772,-1270.834351,115.4207306,1933.230347,-1265.142822,56.98725128,1954.989136,-992.4280396,-444.1089478,2050.40625,-920.0541382,-417.1911621,2128.422363,-870.6605225,-201.2872009,2207.033203,-828.3706055,-21.3067379,2272.231934,-847.0272217,56.68779373,2304.756348,-862.1732788,135.851059,2341.671387,-853.9830933,75.83975983,2293.981201,-1025.618164,-18.24142456,1989.064331,-981.0490112,312.4099731,2007.464844,-873.0422363,609.3712158,1961.328979,-928.333252,752.2106323,1992.799805,-930.4758911,-33.74898148,2097.027344,-986.0733032,288.7169189,2031.150146,-945.4279785,589.0288086,1920.255859,-1013.743408,709.3803711,1959.572632,-1025.408447,-539.7212524,2036.317627,-1117.126831,-490.3551331,2120.813965,-1119.863403,-535.8670654,2110.626465,-1091.611206,-596.3427734,2028.523438,-1089.889404,-519.3117676,2137.68042,-990.3075562,-558.4034424,2114.990967
-1007.139587,-19.90774727,2061.650146,-1027.956787,-167.3310394,2055.139404,-1037.627075,-285.463623,2043.069092,-1042.617065,-466.4604797,2032.825928,-1060.358643,-435.0960388,2013.38623,-1138.472778,-402.0326538,1929.336182,-1201.204224,-179.9817505,1922.684937,-1278.729614,-22.58846092,2004.86731,-1315.089355,43.89440918,1977.88501,-1333.241821,123.4902496,1939.386963,-1312.971436,59.03056335,1941.275879,-1022.00769,-437.9741516,2054.387207,-951.84198,-412.9924927,2135.138672,-901.2817383,-198.2595825,2216.715576,-858.4279175,-19.20329094,2284.506104,-883.5724487,56.41315842,2318.429688,-882.9605713,139.131958,2286.357666,-898.927002,81.05354309,2298.106934,-1059.935181,-10.06729507,2007.638672,-1004.386047,319.6914368,2009.986694,-881.1244507,610.3366699,1960.254761,-924.0369873,759.9754639,1976.255371,-959.5314331,-28.78131294,2110.354492,-919.7145996,302.8189697,2117.233887,-835.2935181,606.6173096,2047.368042,-869.1195679,738.0501099,2095.444092,-1052.655151,-533.8445435,2036.666138,-1130.998901,-493.0348511,2137.731201,-1131.405884,-538.6621094,2127.530762,-1113.687744,-596.4645996,2040.588135,-1098.494751,-519.3061523,2148.73584,-1001.735474,-549.0064697,2107.094482
-1037.553345,-17.96650314,2087.092285,-1058.10022,-164.9512787,2083.701904,-1064.79834,-283.0016174,2073.486328,-1066.676758,-463.4171753,2064.382813,-1084.334717,-432.5822144,2044.36084,-1157.287231,-401.3649597,1955.744141,-1238.164063,-186.8556061,1937.854614,-1329.416748,-26.30314255,1993.9198,-1350.944458,50.04100418,2005.24707,-1350.975952,138.5987091,2020.798462,-1335.762085,81.93639374,1989.138672,-1047.152588,-434.582428,2086.185303,-979.8093872,-408.5065613,2168.404785,-925.2817383,-192.1138,2239.790283,-879.1976929,-11.68946934,2299.11792,-919.222168,54.19255447,2337.856445,-896.6661377,137.3661346,2318.258057,-904.2116699,97.45413208,2306.196289,-1083.380127,-10.1771059,2027.126099,-1030.422852,318.4851379,2015.012695,-892.7539673,601.1381226,1964.926147,-936.9470825,750.6289063,1964.97998,-996.229248,-24.99054527,2141.166748,-998.897644,303.7265625,2089.501709,-932.5141602,603.7674561,1994.283936,-989.2837524,731.2763672,2027.283691,-1075.716675,-530.6653442,2068.406738,-1149.786011,-499.1044617,2175.159668,-1148.705444,-543.9319458,2162.567871,-1133.325562,-596.0102539,2072.129883,-1115.699707,-524.2243652,2182.938477,-1020.536682,-546.9471436,2134.83667
-1065.848022,-17.78750038,2107.863281,-1090.103638,-164.5926514,2104.280518,-1099.651855,-282.6773376,2093.17749,-1106.352417,-463.3083801,2081.619873,-1123.394043,-431.668335,2062.110352,-1198.356323,-401.2144165,1974.495361,-1265.940796,-181.1691589,1961.727051,-1344.49353,-9.506628036,2004.186646,-1338.136963,70.24155426,1996.877441,-1348.477173,159.3974457,1988.468506,-1365.50647,78.53821564,2041.288574,-1085.856812,-435.223175,2103.70874,-1015.791565,-406.2205505,2183.000244,-960.6817627,-188.4311218,2251.640137,-913.0684814,-6.962910175,2308.187012,-938.6523438,63.5579071,2351.246338,-913.8237915,128.4435883,2296.248535,-917.0952148,104.2623062,2296.608154,-1113.898193,-8.427494049,2049.636963,-1047.823975,318.5063477,2032.424438,-897.9143066,592.979187,1968.600586,-929.0178223,745.9000244,1959.951294,-1022.518982,-26.22783279,2160.368164,-964.0852051,302.2292786,2157.331543,-864.4094238,601.2409668,2088.823975,-896.5651855,735.5274048,2128.955811,-1117.150757,-530.5205078,2084.81543,-1161.031738,-508.9215088,2209.633545,-1156.331909,-553.3695679,2196.113525,-1159.73938,-604.5163574,2103.604004,-1122.424072,-527.9612427,2206.471436,-1042.886475,-535.9330444,2131.917969
-1104.853149,-11.02802563,2129.15332,-1127.474609,-156.0690002,2122.643799,-1134.930054,-272.4660645,2108.664063,-1138.160767,-451.0315552,2099.841309,-1155.805542,-420.4082336,2080.333008,-1235.684204,-394.1860352,1997.906128,-1306.420166,-178.5643005,1980.410767,-1375.597656,-7.858589172,2031.063599,-1377.248291,71.39173889,2033.624634,-1355.862305,157.3161469,2042.563232,-1397.189331,71.41420746,2081.822021,-1118.23877,-422.6062927,2121.027588,-1049.858521,-399.0211182,2201.649902,-989.6328125,-185.6362915,2269.626465,-938.2366333,-7.810786247,2325.821289,-970.8682861,65.47679138,2355.081299,-956.2073364,139.2124634,2310.356201,-961.1383667,95.58533478,2327.019043,-1151.997559,-1.089648366,2071.546387,-1083.701172,320.5949707,2047.611694,-917.2313843,577.2383423,1971.985107,-953.6800537,726.9916382,1979.255859,-1062.340942,-19.98989677,2181.099854,-1008.911499,304.5717163,2198.112549,-907.5354614,601.8651123,2145.795654,-942.2942505,730.5992432,2194.501465,-1147.479004,-517.5292358,2104.049805,-1160.472656,-520.0056152,2235.733887,-1155.491333,-560.536499,2214.341553,-1177.053223,-597.218689,2118.993164,-1122.843628,-533.1849976,2220.695313,-1064.721924,-520.2854004,2130.692871
-1151.138062,-8.497615814,2143.016113,-1168.054688,-155.4021912,2138.708496,-1172.941772,-273.0634155,2127.772705,-1174.981812,-453.0096741,2122.72168,-1193.115356,-422.7259827,2102.571289,-1275.274658,-395.6846313,2021.514404,-1337.359131,-175.7229462,2005.027832,-1398.934814,-1.263737679,2057.58374,-1384.481323,46.42370987,2119.97583,-1345.257935,97.45771027,2182.309082,-1385.179077,6.044603825,2153.55835,-1154.966064,-423.8061218,2143.284424,-1087.181763,-403.3471985,2226.223633,-1021.66626,-188.0512085,2288.436523,-965.6511841,-8.720442772,2339.767578,-999.019104,63.83224487,2371.615234,-974.7485352,134.4660797,2324.940918,-978.1193237,97.08049011,2341.033203,-1200.343628,-1.161920786,2086.078369,-1128.535156,322.3929443,2067.15918,-941.4782715,566.9464722,1990.634644,-963.9755859,720.0361328,2004.411255,-1106.767334,-15.11253643,2194.359375,-1060.505615,312.28125,2219.621582,-962.184082,612.7329102,2166.300781,-991.9014893,741.6486816,2220.38916,-1183.85376,-519.918335,2128.447021,-1152.685791,-530.0984497,2257.596924,-1155.631836,-569.5748901,2233.365967,-1208.220947,-601.0112915,2147.94458,-1122.080078,-542.3091431,2230.123779,-1096.397217,-523.8718872,2126.179932
-1180.074829,-8.457637787,2177.818604,-1197.922119,-157.062912,2174.454102,-1203.546875,-276.2067871,2164.555176,-1202.014526,-458.2285156,2156.97168,-1220.47644,-427.6545715,2136.571289,-1296.355835,-402.4628601,2047.13916,-1356.235962,-178.5946655,2038.601196,-1415.200195,2.100527287,2080.482178,-1381.592407,47.20203018,2138.498291,-1334.099487,92.59368134,2200.996094,-1387.765259,8.858410835,2174.743652,-1182.808472,-428.5886841,2178.635498,-1116.359253,-407.2416687,2264.121094,-1049.950684,-186.0903473,2314.235596,-993.1290894,-1.916840672,2355.443848,-1031.669189,66.21718597,2393.420166,-1017.243286,142.7581329,2350.094971,-1009.286621,106.7671356,2350.47876,-1228.703979,-1.289758801,2119.179199,-1187.642578,331.4674683,2098.064941,-978.9918823,555.1333618,2000.504761,-983.7564697,712.2051392,1996.033936,-1136.223633,-14.92122936,2230.696045,-1097.548096,317.8641052,2250.05127,-1001.956604,621.81604,2188.935303,-1032.372192,754.6126709,2237.519287,-1209.827637,-526.1690674,2161.654053,-1143.525635,-545.017334,2277.549072,-1153.621704,-583.2450562,2252.194336,-1229.011841,-609.5598145,2181.902344,-1121.582886,-555.2399902,2241.508057,-1125.453247,-529.3414307,2134.724121
-1223.146118,-1.377086878,2192.168457,-1237.715576,-151.8725739,2190.662354,-1239.794312,-272.4663086,2182.577393,-1242.039307,-456.4554749,2181.481445,-1260.424072,-425.9502563,2160.099121,-1332.016357,-402.6568604,2065.171143,-1386.889648,-175.0007629,2061.056885,-1437.114136,-0.151023269,2135.536865,-1364.216919,35.25172424,2145.193359,-1333.229004,105.9621277,2194.456055,-1359.601074,16.87688446,2195.376465,-1221.670654,-426.1665344,2201.947998,-1147.946533,-411.6567993,2284.274902,-1082.401367,-188.0810242,2335.929932,-1026.106689,-1.913443208,2378.347656,-1083.612549,51.51678085,2417.845459,-1043.960205,113.810585,2366.363525,-1078.404541,98.24788666,2388.786377,-1268.074341,3.599748611,2129.487061,-1258.20166,342.5384521,2141.674805,-1022.274597,519.4910889,2006.85791,-983.0529175,669.9364624,1974.634766,-1182.632202,-5.864918232,2248.691162,-1270.23877,314.3902283,2180.577148,-1131.701294,596.12323,2086.730225,-1158.819214,739.6268921,2090.17749,-1251.210815,-524.687561,2188.795898,-1172.015747,-565.1109009,2291.956299,-1189.221558,-598.8526611,2263.39209,-1276.119019,-609.0511475,2201.028809,-1155.852905,-572.0997925,2251.797363,-1170.939575,-531.088501,2149.710938
-1254.60022,-15.45268154,2216.545898,-1267.570801,-163.1156921,2207.302246,-1272.875488,-281.1917114,2196.001465,-1272.840454,-461.9273682,2195.569336,-1291.908813,-432.2669373,2175.0354,-1368.961792,-411.3001709,2086.800049,-1407.399414,-184.5361786,2091.657715,-1437.869629,2.326682091,2129.536865,-1366.834961,37.12737274,2142.534424,-1333.751587,102.1229019,2195.190674,-1363.170898,17.84877586,2191.788818,-1252.602905,-431.8579407,2214.954102,-1178.830078,-411.1593323,2293.152588,-1115.199341,-193.5841522,2352.789551,-1060.348511,-12.4624815,2401.954346,-1101.250122,54.83136749,2437.286865,-1061.939331,120.8811874,2393.584961,-1102.750122,89.65673828,2411.09668,-1300.723877,-7.658983231,2156.764648,-1308.901978,324.4111328,2183.831299,-1082.219604,488.0383606,2031.231934,-1016.925598,624.6428833,1993.838013,-1213.008423,-22.48060226,2270.452881,-1337.523438,276.7605896,2346.491211,-1227.148071,564.0369873,2252.254883,-1237.325439,707.0609741,2257.67334,-1280.781372,-529.0279541,2203.240479,-1196.987671,-574.4057007,2297.123779,-1216.150635,-605.9695435,2268.703857,-1305.501343,-612.1269531,2212.880615,-1183.85376,-579.5021973,2256.422363,-1204.744873,-534.2371216,2159.409424
-1288.33667,-28.75841522,2226.20874,-1295.447876,-173.3041534,2220.983398,-1302.70752,-288.8125305,2218.091064,-1298.796631,-464.8120422,2210.019775,-1319.150635,-435.5408325,2192.360596,-1393.206787,-404.204834,2108.704834,-1425.410522,-183.2480469,2130.075439,-1452.437866,2.171292782,2148.338379,-1379.055908,29.05088997,2149.735352,-1338.672363,96.95412445,2187.831055,-1365.566406,18.35028839,2190.23877,-1278.658569,-435.8373413,2229.024902,-1204.437988,-412.34729,2302.06543,-1151.807007,-200.2885437,2369.136719,-1106.554688,-23.54784393,2424.475098,-1123.14978,51.28216934,2459.229248,-1110.020386,132.2507172,2432.690186,-1123.928345,77.21173096,2441.339355,-1334.964966,-24.39259529,2168.895752,-1394.353394,288.4094238,2233.903564,-1201.070801,473.9820251,2076.893311,-1195.494019,625.8039551,2083.463623,-1246.289673,-32.69526672,2277.890381,-1352.39978,258.8630066,2373.3125,-1363.847046,572.4754639,2371.414795,-1422.67627,650.8091431,2471.302002,-1304.644165,-530.6661987,2215.080566,-1216.438232,-577.968689,2298.718018,-1236.375,-607.6309814,2270.66626,-1326.741943,-612.5354004,2221.689453,-1206.1604,-580.6144409,2258.084961,-1233.367676,-532.0408936,2167.469727
-1314.837158,-30.00723648,2250.527832,-1324.223755,-176.7395172,2246.928467,-1329.723267,-294.094635,2242.167236,-1322.732056,-472.6809387,2232.583252,-1343.255005,-443.1074219,2214.226074,-1417.447754,-418.743866,2125.963867,-1476.280762,-198.6575165,2126.230957,-1527.022705,-16.85528374,2156.779053,-1454.53418,15.41705799,2154.415771,-1377.003052,59.26670074,2153.302246,-1421.575439,8.734517097,2126.185303,-1303.384033,-443.1237183,2252.803223,-1227.368652,-420.068634,2326.588135,-1171.616211,-204.2362976,2391.316895,-1124.294556,-24.29968071,2444.935059,-1154.589111,45.61725998,2483.659424,-1140.104858,124.9017639,2449.443604,-1150.559204,77.99175262,2460.404297,-1366.154663,-25.38183594,2195.795654,-1428.632324,281.0150757,2301.338867,-1301.972534,541.3215332,2176.114502,-1334.671631,689.0531616,2207.068115,-1268.562012,-34.17816544,2299.88208,-1357.959839,271.7773743,2384.064941,-1331.275269,587.3530884,2348.187012,-1390.386597,689.939209,2426.752686,-1327.807373,-539.689209,2236.952881,-1236.556641,-599.3139038,2312.230225,-1259.083618,-625.5861206,2281.709717,-1352.997192,-622.3135986,2235.973145,-1227.97229,-597.9522705,2270.4729,-1257.620117,-538.2905273,2185.453857
-1340.077637,-33.64323425,2267.932373,-1347.658447,-179.6973572,2267.511719,-1352.336182,-296.5117188,2265.778076,-1344.505737,-473.8566284,2253.013916,-1366.12915,-444.3487549,2236.394043,-1445.279419,-418.432251,2153.952637,-1506.544067,-201.4328308,2132.118652,-1559.259521,-21.7833519,2165.25708,-1487.542603,10.56930637,2158.840332,-1406.767944,46.8326149,2156.241699,-1455.168213,4.997409821,2130.31665,-1324.415527,-444.6143494,2272.496338,-1245.288696,-421.0711365,2341.830566,-1191.911377,-206.6605835,2408.598389,-1147.085571,-27.84120941,2464.153076,-1185.227539,39.3568573,2499.558838,-1161.475586,117.8730774,2470.372559,-1200.365723,66.09013367,2476.251709,-1393.114502,-30.73893166,2215.340332,-1458.887817,277.3427429,2307.334717,-1359.896606,560.6796265,2216.277344,-1409.759521,698.1779175,2263.10791,-1292.252075,-36.2621727,2315.356934,-1369.999756,270.1518555,2402.175781,-1353.598755,586.0269775,2382.053223,-1414.610352,680.55896,2467.528564,-1348.771606,-540.5910645,2256.556152,-1252.512329,-606.2572021,2317.991455,-1278.333252,-629.8968506,2288.329834,-1375.608276,-622.0952148,2252.597168,-1248.030273,-602.2019043,2276.011719,-1284.280029,-536.7871094,2198.919922
-1369.375122,-37.24843597,2289.422852,-1373.704102,-185.3183289,2288.402832,-1378.171265,-303.6615295,2288.777588,-1370.692017,-483.2828674,2275.449951,-1392.787231,-453.3353577,2258.977295,-1472.97876,-418.3570251,2178.757813,-1528.795166,-196.4076385,2162.219971,-1584.77063,-15.00964165,2194.632568,-1515.622559,20.09300423,2175.158691,-1429.713135,44.17648315,2165.699219,-1487.144409,4.264513016,2140.143799,-1350.019775,-453.7254639,2294.939209,-1269.945801,-426.6439209,2364.069336,-1211.503296,-208.3534393,2424.029541,-1161.50647,-26.43077087,2473.4104,-1210.360962,32.49718094,2512.807617,-1184.445557,114.5457764,2493.470459,-1235.443359,55.52893829,2485.143799,-1427.142944,-35.22273636,2240.524658,-1509.065308,264.3677063,2358.983643,-1422.391235,556.9351196,2270.581543,-1479.354614,688.6658325,2330.576416,-1317.283325,-39.07509995,2333.516357,-1379.453979,278.8040466,2406.647217,-1338.511475,592.2627563,2350.746582,-1389.886719,692.0767822,2439.519043,-1375.061768,-550.8768311,2278.990967,-1276.312256,-623.9030151,2331.127197,-1305.061523,-645.2301025,2301.485596,-1405.280273,-632.1728516,2272.056152,-1274.232544,-617.46521,2288.703613,-1313.323486,-545.6565552,2216.933105
-1393.006348,-36.43082047,2312.688232,-1399.25708,-187.4359894,2312.106445,-1402.543335,-308.1871033,2309.425781,-1394.17981,-491.541687,2297.694824,-1416.812866,-461.2473145,2280.544434,-1496.628418,-423.8594666,2197.494873,-1553.525269,-196.8332825,2192.431641,-1605.404175,-8.345663071,2212.102539,-1535.011108,24.00083923,2186.551514,-1446.490234,42.96114349,2172.99585,-1508.825928,4.042740345,2148.462646,-1373.239014,-461.1046448,2317.306641,-1290.069824,-431.6001282,2385.30835,-1226.387085,-208.8044739,2441.909424,-1172.259521,-23.11442757,2488.588623,-1227.659302,35.58187103,2523.231934,-1193.497314,114.5220642,2496.831299,-1247.983887,59.96646118,2496.119141,-1454.085449,-33.7205658,2265.479492,-1531.815063,267.8226929,2399.819336,-1453.900635,570.9667358,2315.654785,-1513.429932,701.8505249,2382.830078,-1337.928589,-38.87477875,2355.258789,-1388.103638,288.7677002,2425.278809,-1338.123657,604.6273804,2354.517578,-1381.277954,713.25177,2442.033203,-1398.376587,-560.480896,2301.997559,-1297.63147,-641.1170654,2345.343018,-1329.304321,-660.1641846,2315.638184,-1432.47937,-641.8410645,2292.128662,-1297.608887,-632.1856689,2302.433594,-1338.736694,-553.6407471,2235.658936
-1434.373169,-29.55569267,2326.584229,-1430.193604,-184.1615753,2329.897949,-1425.113037,-307.7305603,2329.821533,-1416.425049,-495.7060242,2324.382324,-1440.84375,-465.4454041,2307.224121,-1528.24231,-430.8977356,2226.396973,-1584.071289,-198.1201172,2215.653076,-1637.433594,-8.697927475,2257.11377,-1571.327393,28.33761597,2222.041504,-1484.623169,51.53330231,2195.150146,-1551.937744,5.62012434,2176.101807,-1393.87854,-463.7573853,2341.815918,-1304.349609,-437.4599609,2407.366455,-1239.524902,-207.5565491,2457.893555,-1184.741577,-15.89842129,2499.651855,-1249.588989,32.45318604,2538.887695,-1211.173706,112.1341782,2513.257324,-1266.268555,65.68411255,2514.449707,-1500.970459,-32.2675705,2284.05542,-1583.575195,259.6179199,2452.822998,-1520.473267,571.0726318,2357.559082,-1567.777832,709.5518188,2428.085205,-1374.319336,-27.11027527,2364.934326,-1415.02478,309.1945801,2439.002197,-1366.213257,626.9162598,2343.822266,-1394.577759,745.9309692,2429.661377,-1420.073364,-566.0618286,2331.7229,-1316.088501,-654.6115723,2359.300293,-1353.059082,-671.4760132,2332.760742,-1459.888916,-647.3121948,2323.428467,-1321.325195,-643.7156372,2316.097412,-1368.079468,-558.9192505,2256.676758
-1455.202637,-31.91007233,2349.552002,-1451.03418,-187.0734558,2352.149902,-1446.245117,-311.0881653,2351.784424,-1438.512451,-499.6729126,2343.711182,-1462.859131,-468.9428101,2326.919189,-1549.341919,-429.6746521,2246.595459,-1611.111694,-197.3497925,2240.998291,-1681.872925,-18.28117752,2301.48877,-1611.525391,25.36320114,2288.55957,-1522.009766,53.95820236,2285.422119,-1591.317993,-20.48869705,2232.005859,-1415.71814,-467.9762268,2361.645264,-1326.136475,-436.6794434,2425.605713,-1253.78479,-206.5070801,2468.22168,-1193.172729,-14.55996895,2503.606445,-1260.103271,31.74428558,2542.536865,-1220.662476,112.059639,2519.401367,-1268.575073,77.28358459,2514.577148,-1523.29834,-34.41997528,2308.908203,-1570.109985,274.5457153,2462.855713,-1518.510986,594.1640015,2385.285645,-1571.038452,721.4315186,2472.564453,-1393.797607,-29.64678383,2386.202148,-1417.807495,311.6493225,2449.687988,-1370.56665,628.3322144,2346.441162,-1395.42688,745.1409302,2437.173096,-1442.541748,-570.3510742,2350.099121,-1339.442871,-661.9662476,2373.082764,-1377.287231,-677.3237915,2346.54834,-1484.156128,-650.8249512,2339.804688,-1345.202148,-649.5176392,2330.203613,-1391.48291,-561.664917,2274.185547
-1471.50769,-26.68215752,2373.615967,-1471.877686,-183.101181,2374.646729,-1471.375488,-308.1516724,2374.160156,-1461.449097,-498.0483093,2365.479736,-1487.3396,-467.4289856,2350.019287,-1579.126831,-434.5978394,2271.235596,-1627.466431,-197.233429,2276.408691,-1668.487549,1.621291041,2287.740234,-1593.029663,38.61987686,2279.661133,-1501.012573,60.41295242,2285.458252,-1579.339233,-24.08775902,2221.214355,-1437.920288,-465.7928467,2382.215576,-1341.871094,-435.5196228,2438.371826,-1269.082275,-203.2345581,2479.518799,-1205.5896,-10.0217905,2511.852539,-1268.751831,41.22883987,2552.443848,-1226.982178,118.3099289,2521.047363,-1270.054199,95.28613281,2511.500488,-1539.789063,-26.79462433,2332.033691,-1575.614868,286.5166931,2486.17041,-1519.720947,607.4151611,2405.987305,-1569.472412,742.0650024,2485.824951,-1409.935181,-26.58074188,2411.112549,-1429.016357,319.4121399,2464.641113,-1380.365234,642.3312378,2373.72583,-1407.947632,763.8087158,2459.287354,-1464.150024,-569.3122559,2372.098145,-1359.118408,-662.2802124,2385.330078,-1399.207031,-677.0986938,2361.211182,-1507.00769,-650.0824585,2363.139648,-1368.118774,-648.7750854,2342.969971,-1418.58252,-558.9525146,2292.156494
-1489.133423,-27.6731205,2393.281982,-1489.979004,-182.0680695,2399.131104,-1485.51062,-305.4517517,2395.376709,-1476.898193,-493.2727661,2393.96167,-1502.574463,-463.4874573,2377.977051,-1597.553589,-438.1246338,2302.723877,-1637.601563,-202.1916199,2299.783203,-1670.282104,-4.342049599,2311.427734,-1598.734009,31.78133392,2288.393799,-1508.602295,54.75917816,2278.119629,-1588.275146,-19.91249275,2228.265625,-1453.188477,-460.9378052,2408.820801,-1357.377197,-431.3426208,2462.82373,-1279.269531,-202.2001801,2492.107422,-1213.471802,-11.22498512,2516.089844,-1272.855713,44.30636215,2554.201172,-1234.700317,125.5163422,2533.952148,-1272.863281,95.64504242,2512.585693,-1556.531616,-28.86233711,2352.147705,-1578.452271,285.7162781,2496.256836,-1520.729126,601.8734131,2415.610596,-1563.65332,740.765564,2487.651367,-1428.357544,-26.60074997,2430.374268,-1438.073486,316.112793,2479.385254,-1392.537598,636.4625854,2393.270996,-1418.276611,760.8988037,2471.602051,-1479.837158,-563.3383789,2403.289307,-1382.842651,-663.1323242,2403.211914,-1425.280151,-673.5459595,2382.226074,-1528.841675,-639.2077637,2394.466553,-1394.066162,-647.0125122,2362.939453,-1440.792114,-552.359436,2321.309326
-1509.079224,-25.91530228,2418.081299,-1509.215942,-180.9579468,2426.056885,-1503.23645,-304.8525391,2421.766602,-1492.195435,-493.4310913,2418.858887,-1519.072266,-463.7644958,2404.135986,-1618.037109,-438.9974976,2332.952637,-1658.713379,-202.0493164,2327.69751,-1691.276611,-3.187582016,2339.053955,-1616.334839,21.02755737,2310.440674,-1530.265869,47.77954102,2283.64917,-1611.175537,-13.366889,2246.125977,-1468.156616,-460.7067261,2432.904785,-1369.189697,-430.2506104,2481.633057,-1295.068115,-197.877533,2504.958008,-1233.044434,-4.089981079,2524.260986,-1284.56543,57.58444214,2565.271973,-1239.245972,130.9289093,2531.972412,-1286.449341,108.7234497,2502.732422,-1577.963013,-27.87786102,2378.749756,-1606.529297,286.9881897,2525.052979,-1546.945557,601.7268677,2434.310791,-1586.942993,744.7271118,2501.594727,-1446.963623,-24.14557457,2453.548096,-1453.830322,322.009613,2488.614258,-1410.161255,643.4186401,2399.292236,-1435.378662,768.3942871,2478.296631,-1493.810303,-563.9134521,2427.942139,-1424.375244,-655.8322754,2507.203369,-1443.469116,-672.3828735,2465.563965,-1528.820923,-643.9238281,2401.729492,-1405.881226,-646.7981567,2467.161865,-1409.993774,-562.7188721,2390.266357
-1532.51416,-25.67440987,2440.526367,-1533.536255,-181.4911957,2449.779297,-1527.348145,-306.0278931,2444.791016,-1512.117188,-495.3069458,2449.707031,-1540.212769,-466.7277527,2434.442383,-1642.114258,-446.5741272,2364.773682,-1677.704956,-207.5440979,2357.209229,-1705.229492,-6.503358364,2359.659424,-1630.950317,14.38805866,2325.831299,-1547.636963,41.74314499,2290.495117,-1626.809326,-10.10031605,2261.684082,-1488.289063,-461.3182068,2461.674805,-1388.028076,-422.6245728,2502.787354,-1309.079712,-189.7891846,2518.504395,-1246.323853,5.273252487,2534.077637,-1296.893433,71.43558502,2570.055176,-1248.574097,142.6160583,2534.924805,-1295.29834,118.8033676,2501.791016,-1601.93396,-27.55097198,2401.257568,-1626.523438,290.40802,2546.124756,-1567.210205,604.8973999,2447.961914,-1607.827393,751.9174805,2507.979492,-1469.915283,-23.98223495,2475.936768,-1473.217651,325.4646912,2493.28833,-1433.424072,650.5993652,2408.840088,-1463.689575,776.75354,2485.728027,-1511.89917,-565.7255249,2461.927246,-1512.829712,-513.3676147,2592.404541,-1543.708496,-550.1694336,2582.895508,-1595.348511,-588.3144531,2492.446289,-1498.727905,-556.2160034,2588.624756,-1455.202759,-623.4255981,2506.589111
-1552.762695,-26.71425247,2464.983398,-1552.505493,-182.6194611,2477.642822,-1545.117554,-307.3798523,2473.456787,-1528.370972,-496.7809448,2482.367676,-1557.185059,-468.6922913,2467.282715,-1662.08667,-453.3042297,2400.442627,-1701.116821,-214.4564056,2389.019287,-1729.624756,-13.14491081,2392.631348,-1658.596069,7.965466022,2352.171875,-1577.920654,34.35717392,2310.098633,-1655.146729,-8.050302505,2291.071777,-1504.375977,-462.2961121,2492.80957,-1404.729004,-423.7747498,2536.183838,-1325.371948,-190.0104523,2535.18457,-1258.870361,4.879206657,2534.097168,-1308.481689,67.1427536,2577.975098,-1285.816528,148.6424255,2539.045166,-1306.522461,118.0816574,2526.466309,-1624.167969,-29.74079514,2429.161133,-1650.884644,289.0055847,2573.679932,-1599.32605,601.2648315,2462.509277,-1635.716553,751.2902222,2518.603027,-1488.373535,-23.98508644,2497.286133,-1488.189087,326.5321655,2505.732422,-1455.958374,652.0891113,2416.981445,-1481.718506,780.5823364,2492.234375,-1527.276367,-567.0323486,2496.25708,-1566.984741,-550.5834961,2630.426025,-1587.565552,-587.411438,2605.358154,-1609.827881,-607.3000488,2498.294189,-1544.568848,-588.9199829,2621.180176,-1471.981689,-626.6596069,2540.540283
-1571.825439,-24.32320023,2491.355957,-1572.336182,-179.5393219,2507.582031,-1564.909668,-304.0438232,2504.470703,-1546.794312,-492.9019775,2512.980957,-1576.199341,-465.0645447,2498.880615,-1682.5625,-451.1470947,2434.611084,-1745.471436,-217.818634,2428.636963,-1780.912964,-21.4861927,2465.537598,-1716.818848,9.133899689,2420.264648,-1636.9646,35.22832108,2376.942627,-1717.361084,-7.37744379,2359.819824,-1522.719971,-458.3431396,2522.550781,-1422.282593,-417.1291504,2560.604248,-1340.724976,-184.845108,2552.870117,-1271.44519,8.431211472,2545.285645,-1321.719727,75.39596558,2580.127441,-1300.947266,161.0161743,2550.63623,-1326.275146,118.3282547,2519.699463,-1643.501221,-27.72828102,2456.5271,-1672.559082,290.6213074,2599.523926,-1621.148926,599.2562866,2480.724854,-1657.886597,750.1304321,2533.100098,-1507.192261,-21.25268745,2522.762695,-1502.863647,328.5355835,2524.907227,-1469.497437,651.8745117,2431.528809,-1496.328247,779.9196777,2506.481201,-1544.821167,-562.9693604,2526.86377,-1576.098145,-551.5897827,2663.431396,-1594.78125,-589.9228516,2639.372314,-1622.621216,-610.8952026,2534.097168,-1550.910889,-587.4309082,2652.059814,-1481.201172,-617.2562256,2566.112061
-1592.985596,-24.35406303,2525.603516,-1592.717529,-179.9431152,2539.744629,-1586.586304,-304.6657104,2537.218994,-1566.186768,-493.6181335,2532.077637,-1596.420898,-465.2358398,2521.000977,-1706.056274,-448.4959717,2462.941406,-1775.275391,-216.7394104,2470.604736,-1818.864014,-23.82855034,2516.844971,-1760.768066,11.93099308,2467.280029,-1680.648071,33.78094101,2421.926025,-1758.948486,-7.216247082,2411.316162,-1542.102417,-459.4473267,2543.11377,-1442.308716,-416.2091675,2580.988281,-1363.117554,-183.0103912,2568.946289,-1296.046753,11.10933685,2557.864502,-1334.492432,89.24814606,2583.549072,-1300.163208,163.1763611,2538.752197,-1347.129639,118.2781601,2543.052734,-1666.373413,-27.32741737,2494.280029,-1692.979736,293.6620789,2632.702148,-1645.359009,604.0262451,2515.82959,-1683.839722,751.5139771,2576.494141,-1526.808716,-21.67285728,2553.849121,-1514.37085,328.2972412,2551.681885,-1480.988037,650.0935669,2451.883789,-1504.265015,776.619873,2530.82373,-1562.963501,-564.5135498,2541.049805,-1501.171387,-579.7540283,2666.550293,-1531.663208,-615.3411865,2652.1875,-1619.999268,-621.2327271,2585.208008,-1489.476807,-610.2406006,2635.141602,-1489.901123,-617.4125366,2520.631104
-1613.968628,-17.36897087,2563.005127,-1613.217651,-172.6147766,2572.074707,-1608.679688,-296.7781677,2567.664307,-1593.442017,-485.1481018,2557.735352,-1623.105469,-455.8947449,2548.260742,-1732.186646,-424.3283691,2496.956299,-1802.665405,-194.2709198,2508.368652,-1852.276123,-5.136847496,2559.762939,-1796.940918,33.74485016,2510.048096,-1719.085083,59.53772354,2463.737305,-1794.72168,0.042284839,2455.560791,-1568.274292,-452.0164185,2568.745117,-1467.383301,-410.6689758,2604.13623,-1382.814209,-180.8332367,2587.895996,-1311.034668,10.32704163,2573.024902,-1357.61792,82.95348358,2599.917969,-1341.093506,162.5131073,2555.550293,-1365.555908,116.0738602,2548.893311,-1689.254639,-19.21787453,2537.591553,-1686.063477,314.6019897,2639.225586,-1642.66272,630.2306519,2540.645508,-1673.785889,767.8927002,2622.787109,-1546.079834,-15.70173168,2585.922119,-1530.932129,332.5159302,2580.591309,-1502.233276,652.0929565,2477.526611,-1512.101685,774.8430176,2563.598145,-1591.80896,-555.9637451,2564.987305,-1506.157837,-583.9744263,2672.219238,-1537.275024,-619.0933228,2658.847168,-1636.37793,-621.7463989,2610.033203,-1499.729614,-608.8279419,2635.140137,-1522.481934,-600.1483765,2523.55835
-1635.828857,-21.00993729,2593.158691,-1633.702637,-178.5777893,2606.772705,-1626.29541,-304.6558533,2600.552002,-1607.930542,-496.1081238,2593.005859,-1639.09375,-467.0525208,2584.463623,-1756.889038,-450.4451904,2540.750488,-1836.986816,-219.0868225,2549.75708,-1885.676758,-25.4499321,2598.919189,-1828.041016,12.74233913,2548.843506,-1753.694214,47.24419785,2499.251465,-1825.228394,-2.68133688,2492.792725,-1582.384155,-461.78125,2602.237549,-1478.420044,-420.9649658,2635.696289,-1400.173218,-184.8510132,2614.631348,-1333.83313,11.63728523,2595.883545,-1387.146851,73.68826294,2637.795654,-1370.592163,157.3377533,2597.854004,-1402.104126,114.9009857,2592.313721,-1712.456177,-24.25130272,2567.61084,-1732.513184,301.9063416,2706.141357,-1689.657959,617.6627808,2589.87793,-1721.595825,766.4589844,2656.400635,-1566.730469,-18.08705521,2616.196533,-1559.529419,336.1732178,2628.390381,-1534.021484,659.1576538,2516.498779,-1550.27063,789.6417847,2594.351074,-1604.596191,-567.9468384,2601.544678,-1526.906616,-591.9852295,2718.514404,-1547.274414,-631.4522095,2696.378906,-1637.836182,-649.0997925,2632.198486,-1510.069336,-609.479248,2679.598877,-1520.887939,-589.6662598,2565.654053
-1655.344604,-21.31163979,2622.970703,-1651.533325,-178.6206818,2636.682373,-1642.803345,-304.4533386,2630.750977,-1624.757324,-495.8152771,2629.649658,-1656.001099,-467.0739746,2620.653809,-1772.237549,-441.4161072,2577.654541,-1860.069336,-213.4634552,2591.127197,-1910.31604,-22.26605988,2646.673096,-1861.018066,18.21205139,2590.111084,-1786.037964,42.46699905,2535.874023,-1860.18335,-4.046853065,2536.642578,-1599.057739,-461.2685547,2637.196533,-1493.208618,-419.8632202,2662.458008,-1419.535156,-183.5137329,2633.204346,-1357.499634,13.37292767,2608.142822,-1417.711914,59.66509628,2659.694336,-1411.014648,140.9828033,2612.952393,-1425.053711,111.8702011,2622.133301,-1731.765381,-25.40253258,2597.278076,-1763.994141,293.7213135,2748.097656,-1721.603394,606.9433594,2626.301514,-1753.052002,756.022644,2691.84668,-1586.432617,-17.62269974,2646.138916,-1586.278687,335.0861816,2676.984619,-1559.508057,656.3631592,2561.960693,-1572.572632,786.2280273,2641.026123,-1621.334839,-567.2140503,2640.645264,-1518.799561,-588.5098267,2736.939941,-1535.745117,-628.3323364,2712.800537,-1632.557007,-656.4351196,2663.455566,-1507.291016,-597.3441772,2693.492432,-1544.159546,-566.7203369,2587.857178
-1672.349609,-20.94276237,2652.850098,-1665.133179,-178.9854736,2663.169922,-1656.407715,-305.4317932,2662.694336,-1641.814697,-497.6251831,2654.177734,-1672.998169,-467.9603271,2647.477295,-1789.108276,-431.1938171,2611.350586,-1911.196899,-221.8808746,2651.230469,-1986.741699,-67.34763336,2764.790039,-1947.920776,-0.665642321,2727.788574,-1899.861572,56.55552292,2667.483154,-1930.588745,17.59311867,2709.110107,-1615.107666,-463.6697083,2661.859619,-1507.209595,-422.9055786,2680.692871,-1438.074341,-183.8320007,2654.700195,-1381.00769,15.84392738,2633.757813,-1440.584961,53.46852875,2693.123535,-1481.235718,135.7793274,2715.058105,-1456.464355,93.88013458,2677.209961,-1748.955322,-26.13154411,2626.954834,-1790.132446,294.1874084,2776.183594,-1746.44873,611.387146,2661.827393,-1779.730591,753.2956543,2742.268066,-1603.270752,-16.26381111,2676.201172,-1610.986084,333.7890015,2737.030273,-1579.298218,651.7056274,2610.653564,-1588.528931,776.1066284,2699.54126,-1639.21582,-569.684021,2662.572021,-1522.819824,-583.3959351,2744.154053,-1540.789551,-624.7490234,2723.150146,-1642.194214,-659.1691895,2688.161377,-1516.975342,-592.6240845,2699.49292,-1570.027222,-566.2910156,2599.248291
-1684.461426,-25.30338478,2677.241699,-1675.968506,-185.6186218,2688.305908,-1666.685669,-313.9309998,2688.731689,-1659.959473,-509.5958252,2693.032959,-1690.974487,-478.6812439,2686.951416,-1807.553589,-427.6365662,2666.218506,-1883.934692,-190.6010742,2676.716309,-1884.811523,7.410049438,2744.227051,-1854.360107,46.52180099,2672.904785,-1834.467773,71.58663177,2580.843018,-1828.054443,69.54634094,2654.885498,-1630.987671,-475.8856201,2695.805908,-1521.061157,-431.8165283,2702.528076,-1454.299194,-189.5516815,2665.734375,-1410.697266,17.32137871,2652.156738,-1460.675293,50.15950775,2724.057373,-1508.714355,127.2787933,2754.43335,-1490.774536,69.80820465,2719.44458,-1763.155396,-31.07357788,2654.040283,-1803.357544,297.4007874,2798.544434,-1758.872925,617.7485962,2678.159912,-1797.262817,759.0960083,2762.427002,-1613.499756,-20.10014725,2698.163574,-1635.817749,326.3230896,2796.170654,-1611.257813,651.1509399,2671.685791,-1621.602173,776.5354004,2763.022461,-1659.238159,-582.0151367,2706.591064,-1630.095947,-468.1401672,2791.390625,-1665.221924,-500.5540771,2807.650879,-1738.234375,-573.0043945,2757.695801,-1619.012329,-509.8543701,2809.135498,-1595.922485,-618.1723022,2767.896729
-1695.101685,-24.87931442,2703.870605,-1684.963623,-187.8330383,2715.453857,-1674.853027,-318.2536926,2718.753418,-1670.573364,-517.3755493,2721.3125,-1701.844727,-485.4652405,2716.209229,-1818.221436,-433.5186768,2685.242432,-1792.273438,-185.149765,2641.449219,-1767.884766,24.19669914,2612.134033,-1843.705811,69.40879059,2615.564941,-1936.663452,101.0891342,2602.038574,-1859.456299,103.6965103,2667.881348,-1640.583984,-483.505249,2723.646484,-1527.107422,-442.5088806,2723.624268,-1470.437988,-192.4364624,2692.227295,-1423.301758,16.22332573,2666.284668,-1469.110474,75.44525909,2724.958008,-1509.463379,129.3181,2795.417236,-1496.205688,73.39632416,2731.021484,-1774.17749,-31.67834854,2677.432129,-1800.394653,304.7851868,2822.368164,-1759.455933,630.5593872,2698.243408,-1804.821533,771.3717041,2785.736084,-1623.795654,-18.74832344,2727.711182,-1669.974243,323.914032,2850.435791,-1643.904053,649.9669189,2713.222168,-1649.936768,776.414917,2807.989746,-1670.47168,-591.1549072,2734.473389,-1675.660156,-528.2875366,2867.721191,-1701.562378,-572.1932983,2861.526367,-1751.685913,-626.5873413,2771.769287,-1653.814331,-570.382019,2865.741455,-1600.240234,-637.9973145,2782.031006
-1698.166626,-24.78654289,2736.371582,-1691.086548,-187.8153534,2743.383301,-1684.089722,-318.1944885,2745.009033,-1685.59082,-516.9437866,2746.800537,-1715.949097,-484.1825256,2742.470947,-1831.241455,-428.9265747,2714.493652,-1812.057007,-179.9938507,2673.61377,-1793.405762,29.92074203,2647.598145,-1861.170776,76.88713074,2616.39209,-1951.221313,108.3968811,2590.233887,-1878.256226,121.1457291,2675.265381,-1654.645264,-484.0437317,2748.615234,-1540.889038,-444.8826294,2743.921143,-1477.872192,-197.1515961,2710.609131,-1425.808228,9.772091866,2683.972412,-1476.45874,66.71282196,2740.561035,-1522.744263,118.7849426,2808.393066,-1500.75061,73.21339417,2741.096436,-1777.19873,-29.35804367,2709.882568,-1807.302612,311.0343323,2842.390625,-1761.604004,636.9770508,2722.540039,-1809.900513,775.0791626,2812.047363,-1626.89978,-20.66422081,2760.257813,-1689.36499,311.75,2900.405762,-1655.177856,637.7694702,2766.88208,-1664.088257,762.770874,2862.777832,-1687.372681,-590.5905762,2759.679199,-1671.347046,-547.1585083,2899.318359,-1699.816162,-588.9399414,2890.969727,-1764.114258,-628.6384888,2802.878662,-1652.010132,-589.0396118,2888.564941,-1613.709595,-645.4570923,2789.881104
-1701.313232,-28.28201866,2765.200439,-1693.711182,-190.1459503,2769.554443,-1686.307007,-319.5239258,2768.817383,-1684.733276,-516.7669678,2771.189453,-1715.406738,-484.7340393,2767.135742,-1831.481934,-431.4320984,2743.550537,-1828.749634,-183.2882233,2705.317627,-1826.113525,25.1369915,2674.284424,-1875.193726,76.32925415,2623.04541,-1950.115112,121.9148788,2578.910889,-1886.797974,130.467804,2678.688965,-1654.510498,-483.640686,2772.550049,-1540.587402,-447.9448547,2767.494873,-1489.051392,-200.2703552,2729.36377,-1446.904785,6.814107418,2699.660889,-1497.682861,62.44919968,2756.237549,-1541.558105,106.4713898,2830.061035,-1524.236938,60.27893829,2760.530518,-1780.226807,-32.6566658,2740.352783,-1817.85144,310.9863892,2853.517578,-1776.715576,635.9176025,2737.007568,-1820.734741,773.4784546,2827.082275,-1630.153442,-24.33720589,2787.606445,-1700.396973,300.5928345,2934.283203,-1672.437012,629.9465942,2815.341064,-1678.970581,753.1021729,2911.862793,-1685.230835,-589.836731,2784.204102,-1644.932129,-528.560791,2910.450684,-1682.417236,-562.8827515,2912.261963,-1762.64856,-600.3817749,2838.610352,-1636.737915,-574.701355,2906.740967,-1623.163696,-654.149353,2819.128662
-1690.837769,-39.23585892,2792.143311,-1691.412476,-197.7158203,2795.388184,-1690.321899,-324.3966675,2792.249756,-1688.464478,-517.2401733,2796.483887,-1718.520264,-486.0048218,2792.288574,-1832.992554,-433.2949524,2776.468018,-1840.005005,-190.9995422,2737.360596,-1841.256714,14.61321068,2723.599365,-1873.332886,63.62900162,2661.241455,-1930.36792,103.6835861,2595.21167,-1884.37146,126.4590302,2680.34375,-1658.959351,-484.7881775,2797.413574,-1548.438843,-447.2646179,2791.885986,-1501.988159,-206.8635559,2740.525146,-1471.102417,-1.806750894,2717.130615,-1511.142212,30.25935745,2793.647217,-1558.909302,99.67279053,2836.137695,-1544.210571,46.94909668,2792.60791,-1769.0448,-39.38521576,2770.997559,-1812.225342,302.0272217,2860.970215,-1776.755615,615.2714233,2733.775879,-1822.427368,747.7355347,2823.628418,-1620.315063,-39.10118484,2811.21167,-1690.807739,261.7636108,2986.599854,-1685.320313,572.5523071,2840.371582,-1686.761475,698.1115112,2928.041016,-1688.801636,-588.5636597,2809.922119,-1587.012451,-495.3589172,2846.472412,-1620.305542,-507.4214478,2881.390869,-1727.299438,-542.6268311,2881.166992,-1585.809326,-535.7156982,2868.450684,-1624.728638,-643.9272461,2850.354492
-1709.173218,-42.9870224,2814.01123,-1709.107178,-200.5705719,2819.114258,-1708.009521,-326.6004944,2817.394287,-1705.381226,-518.2794189,2825.468262,-1735.60791,-487.27948,2824.158936,-1850.878174,-436.1325989,2816.602051,-1852.174072,-196.88591,2767.595459,-1842.191162,7.816076279,2764.159912,-1867.675903,50.31645966,2694.978516,-1913.703613,82.26354218,2617.649658,-1876.435425,108.9491577,2694.494629,-1676.178101,-486.0166321,2822.26001,-1568.383545,-445.1790161,2807.417236,-1512.306396,-208.5262146,2754.775391,-1475.970703,-4.743158817,2739.380859,-1522.946167,47.65309143,2798.062744,-1565.721436,98.86400604,2864.078369,-1550.074951,40.71235657,2804.537109,-1788.477661,-43.4828186,2799.727783,-1812.412231,300.1982727,2880.240967,-1808.367065,624.9066772,2786.04248,-1849.749268,738.3809204,2899.275146,-1637.660889,-42.53993988,2826.891357,-1684.138916,250.7526855,3018.520996,-1728.418823,579.4599609,2936.459717,-1702.955322,679.3290405,3048.623047,-1704.038574,-588.9178467,2840.29834,-1604.94397,-493.740387,2876.188477,-1638.023193,-506.0185852,2910.855957,-1743.701416,-543.2161865,2910.396484,-1603.062256,-533.5955811,2898.518311,-1639.446777,-642.2000122,2881.531494
-1716.770508,-49.82350922,2838.527344,-1711.196411,-204.0579224,2847.493652,-1705.577026,-327.4708252,2843.955811,-1700.906128,-515.3018188,2853.474121,-1730.877563,-485.2263184,2852.394531,-1844.830688,-436.9685059,2846.866943,-1840.412598,-203.2218475,2795.053467,-1836.702148,-7.034167767,2751.575684,-1865.668213,44.84502411,2692.992432,-1912.697876,82.93850708,2621.548096,-1873.156006,101.2087936,2699.630127,-1672.658081,-483.4022217,2849.5979,-1563.773315,-451.6109924,2838.64209,-1519.827759,-218.4702911,2781.668213,-1491.900879,-18.4523468,2756.45459,-1533.835693,9.445186615,2830.852051,-1579.342163,83.60062408,2860.862305,-1568.515503,35.23421478,2823.905518,-1795.254761,-53.15370941,2830.033936,-1792.158813,288.8673096,2887.960938,-1784.776123,619.7520752,2868.569824,-1809.532227,674.0222168,3019.550049,-1645.998047,-46.82052231,2846.186279,-1683.149902,232.5549164,3047.814209,-1765.522095,554.4813843,3005.174805,-1670.305176,646.7498779,3073.935547,-1698.634888,-584.414856,2868.5979,-1608.120972,-484.3670044,2903.041504,-1642.034668,-495.7359314,2935.799072,-1743.689575,-537.1747437,2931.710938,-1605.893066,-521.8007202,2927.612061,-1635.661743,-630.7623901,2916.15332
-1716.484497,-53.41889954,2867.641846,-1708.148438,-206.7912598,2879.196045,-1698.605713,-329.4243164,2873.37085,-1689.828369,-516.088562,2888.039551,-1720.317749,-486.9618225,2884.445801,-1836.807983,-447.2196045,2875.291748,-1842.209717,-213.4498901,2827.883545,-1846.791138,-17.27910423,2787.930664,-1872.7854,23.91311073,2720.555664,-1900.78772,66.72296143,2642.538574,-1865.856567,83.05545807,2715.375244,-1662.310303,-483.6749573,2884.977783,-1553.597534,-451.6984863,2877.816162,-1521.233643,-219.4434967,2813.710938,-1511.598511,-18.21684837,2790.540771,-1562.039307,7.464356899,2859.889893,-1601.31665,87.13176727,2882.678711,-1587.491943,48.76594925,2846.37793,-1793.635742,-58.722435,2852.904297,-1781.866699,279.4780579,2923.267822,-1768.80542,606.8360596,2965.490479,-1800.408569,677.8970947,3107.311768,-1646.914063,-48.63647079,2880.931396,-1694.236572,230.2775116,3078.870117,-1755.715698,558.2375488,3088.195068,-1715.627808,661.1860352,3187.895996,-1686.727905,-584.4697266,2905.024414,-1612.150635,-522.4870605,3004.242432,-1654.424927,-541.8972168,3017.338135,-1749.205444,-563.0922241,2966.866455,-1617.586914,-566.5804443,3008.887207,-1641.826782,-654.6248779,2942.125977
-1717.609863,-41.62258148,2904.99292,-1711.532104,-196.8551788,2911.330322,-1704.870361,-320.7434998,2903.739502,-1695.71228,-509.3621521,2915.511719,-1726.560059,-479.8439026,2914.169189,-1845.587524,-443.0715942,2913.056152,-1823.029907,-210.2546997,2855.717041,-1804.156006,-14.9279089,2807.251221,-1850.015381,8.060668945,2740.83667,-1887.227417,51.87785339,2666.249756,-1857.692749,69.82749939,2730.879395,-1668.074951,-476.6712646,2911.14502,-1559.359619,-442.6728516,2898.460693,-1529.943359,-207.1967926,2835.999512,-1511.745361,-6.665200233,2799.194824,-1556.975708,26.43867683,2870.066895,-1607.36731,93.02590179,2909.999512,-1601.19458,43.59772873,2858.040771,-1796.194702,-45.15878296,2893.73999,-1785.558472,301.9230652,2927.606934,-1770.234985,634.8491821,2917.445557,-1794.942627,735.0437622,3043.961914,-1646.74646,-38.43383408,2915.140137,-1681.923096,247.5961609,3111.133789,-1729.396118,574.0853271,3179.547119,-1686.912842,657.5328369,3297.002197,-1691.752197,-578.6140747,2931.528564,-1599.638306,-546.6967773,3032.065918,-1640.604004,-569.3327026,3045.810059,-1743.691162,-575.7056885,3006.584717,-1606.215332,-590.7301025,3024.934814,-1644.297119,-657.0091553,2940.11084
-1730.388916,-34.51783752,2943.384766,-1723.061035,-191.4322968,2941.936035,-1717.825806,-316.8157349,2937.055664,-1703.362549,-507.0359192,2949.403076,-1735.185303,-477.9020691,2950.527344,-1855.387939,-440.5873413,2952.341309,-1875.088745,-203.2686005,2902.336426,-1886.819092,-1.950323582,2870.051025,-1889.66748,5.143045902,2785.607178,-1868.938721,32.05287552,2696.731445,-1865.100342,57.17687988,2760.178955,-1676.659302,-473.4525146,2942.384277,-1568.712891,-438.2791443,2919.582764,-1533.887207,-199.2801971,2863.574219,-1505.80957,0.735133886,2819.108887,-1547.065063,34.95033646,2893.013672,-1596.654297,102.7708511,2934.093994,-1603.05542,43.82452011,2879.587158,-1809.497559,-38.33374023,2956.557861,-1743.691895,256.0795288,3138.910645,-1688.039673,568.0384521,3253.272949,-1679.757324,615.0893555,3411.161865,-1659.053101,-31.07686806,2931.506348,-1705.867432,256.5013123,3129.248535,-1750.189575,571.119812,3251.500488,-1660.862427,625.0512695,3361.710205,-1696.437622,-576.760498,2965.656738,-1606.189331,-557.0223999,3072.828125,-1645.730835,-585.0939331,3081.63208,-1749.056885,-591.8408813,3039.933594,-1609.420776,-599.7784424,3057.437012,-1642.606567,-652.3994141,2960.279297
-1727.304688,-37.48530579,2956.845459,-1719.98291,-191.2123108,2970.618896,-1713.57959,-314.5385132,2967.63623,-1698.872681,-501.6244202,2979.439209,-1730.291626,-473.0845032,2980.120117,-1849.62439,-440.1782837,2982.544434,-1887.994873,-206.2861786,2949.298828,-1917.074951,-8.8898983,2926.028809,-1899.165161,-1.877245903,2844.87793,-1871.53125,9.527464867,2756.195801,-1886.726318,40.51786423,2816.599609,-1672.618286,-468.4761658,2973.068115,-1565.431274,-435.1316223,2953.769287,-1530.579102,-201.5032043,2893.154541,-1500.955933,-7.068753242,2841.210205,-1549.947754,52.66287994,2886.986572,-1591.852417,102.0501099,2952.306641,-1569.9375,44.86584854,2897.44165,-1806.11853,-41.50556946,2953.871582,-1760.602539,297.2531433,3012.107666,-1727.162354,626.916626,3014.695313,-1722.894409,707.4688721,3155.476807,-1656.234863,-33.86005783,2959.527344,-1688.723389,258.0872192,3143.030029,-1723.341431,552.8395386,3298.104004,-1647.953735,592.7976074,3420.599121,-1692.074097,-570.2303467,2995.325684,-1584.466797,-541.937561,3078.926025,-1624.632202,-559.3679199,3099.734131,-1731.80896,-557.6993408,3075.950928,-1595.915527,-585.1652222,3076.061768,-1651.454224,-651.8320923,3002.932129
-1720.457642,-41.76295853,2998.240967,-1711.786377,-196.2375183,3010.267578,-1704.954468,-319.8472595,3002.177734,-1686.340332,-507.2328491,3016.436279,-1718.359985,-479.1184692,3017.880127,-1836.020996,-438.9264221,3019.419434,-1853.661255,-204.0271606,2971.558594,-1857.748047,-3.277748823,2951.934326,-1869.435791,0.908232749,2869.100098,-1878.027222,6.080442905,2775.646484,-1885.931763,34.1648674,2840.588135,-1660.84375,-473.5956726,3008.498779,-1555.483643,-433.7660217,2988.532471,-1527.703491,-198.1146698,2927.84375,-1503.978882,-2.092242241,2875.38916,-1535.789551,33.89527512,2951.719971,-1582.775269,110.0305786,2974.761963,-1528.5177,90.40557098,2908.699707,-1799.647339,-46.17102432,2998.718262,-1792.594971,301.8323669,2988.405762,-1795.026611,627.4196167,2919.546143,-1788.252075,734.0799561,3042.55835,-1649.04895,-37.78800964,2997.810303,-1681.459106,257.8896179,3178.159668,-1717.843018,554.7686768,3331.899902,-1632.375977,597.3830566,3447.474609,-1677.660278,-575.7317505,3033.208496,-1566.812134,-579.3135376,3118.276855,-1607.533447,-600.9053955,3133.960693,-1715.403564,-587.6331787,3115.315674,-1580.398071,-619.1530762,3102.35376,-1640.641357,-657.4703979,3013.521973
-1732.520142,-41.21452332,3031.417969,-1717.446899,-194.0518341,3043.144043,-1706.687134,-316.6362,3038.693359,-1686.376343,-502.5717163,3050.861328,-1718.286865,-474.9161072,3053.618896,-1835.514282,-437.1836243,3061.73291,-1845.09668,-204.8054962,3008.549561,-1843.196289,-5.29600668,2991.550781,-1855.711426,-0.763863325,2909.489258,-1866.081787,6.606944561,2817.07251,-1881.154541,24.43471146,2880.344727,-1661.608154,-468.9442749,3042.327148,-1555.697388,-435.1112366,3019.319092,-1538.460693,-199.5761719,2961.698486,-1524.008789,-3.202021122,2913.257813,-1506.541748,34.69872284,2992.446777,-1554.428589,112.189743,2981.949951,-1533.074707,94.21694183,2918.816162,-1810.560181,-48.3364296,3038.907227,-1812.927124,296.3260498,3013.204834,-1832.161133,609.6141357,2910.309326,-1810.474365,728.0841675,3018.262451,-1662.147827,-34.79238129,3024.664307,-1685.277222,257.3954468,3207.127686,-1715.444214,554.6836548,3355.869629,-1623.573242,599.2672729,3464.108887,-1676.683716,-570.6049805,3066.709473,-1561.929199,-558.6860352,3143.751221,-1601.814575,-574.5505371,3165.946289,-1709.471436,-562.1646118,3150.601563,-1577.212769,-600.2885742,3138.200195,-1642.994751,-655.3015137,3064.432617
-1727.222534,-43.09773636,3079.960205,-1705.890747,-200.2610779,3085.363037,-1689.583984,-325.8922729,3078.51416,-1670.928833,-517.4719849,3094.159912,-1703.773804,-488.8007507,3093.802246,-1826.935913,-457.9399414,3100.755127,-1858.843872,-218.2923889,3056.311768,-1881.056763,-15.18374634,3027.698975,-1874.38147,-12.52029419,2942.346191,-1859.004395,-6.66092968,2847.648193,-1881.019287,21.39286041,2906.682129,-1644.526123,-483.0104675,3087.506348,-1537.03479,-440.1350403,3070.416504,-1511.901123,-199.5582123,3005.429443,-1490.582886,0.89597702,2950.535645,-1519.840576,50.28321457,3022.720215,-1552.409424,114.0387726,3084.366943,-1504.376099,98.18139648,2938.123779,-1807.443359,-53.80210495,3085.312744,-1721.948486,247.3753052,3255.006348,-1660.420288,565.7357788,3358.375,-1639.513062,643.1295776,3504.467285,-1654.884033,-33.44513702,3075.133301,-1791.522095,283.93927,3159.616455,-1869.03064,615.5891113,3111.922852,-1881.460205,713.4350586,3229.305664,-1662.854248,-587.4995117,3111.789551,-1606.269287,-548.0426636,3236.978516,-1639.198853,-585.3791504,3237.7146,-1726.472168,-616.4910889,3173.435791,-1595.456177,-590.4547119,3222.755127,-1591.985474,-648.3708496,3121.677246
-1736.86499,-45.3592186,3119.098877,-1711.478027,-200.7471313,3128.606445,-1692.913208,-325.3171692,3122.344727,-1665.3396,-514.7401733,3136.615479,-1699.088501,-487.6295471,3138.62207,-1823.838379,-471.1673279,3150.485107,-1864.795288,-233.2996063,3112.593262,-1899.160278,-33.64993668,3080.811768,-1888.873047,-31.29951668,2996.332275,-1865.286987,-18.46275902,2904.648926,-1887.873901,10.66731644,2962.395264,-1641.103271,-479.4477234,3128.088135,-1535.230835,-437.4614868,3104.686279,-1508.130737,-198.716507,3039.565186,-1485.359253,0.314936042,2984.881348,-1514.717285,49.16492081,3056.677979,-1549.867432,116.3353119,3112.091309,-1498.948242,97.07917786,2972.795166,-1815.888184,-57.6475029,3129.27124,-1726.641113,247.7291565,3284.387695,-1665.700684,565.3108521,3383.650391,-1610.775146,639.354248,3521.255371,-1665.606323,-34.27833557,3109.926025,-1805.932007,286.0088501,3162.236328,-1893.646118,604.5997314,3074.765381,-1912.635864,718.2930908,3174.446289,-1653.155762,-583.8843384,3153.548096,-1537.833862,-537.7612915,3222.523926,-1568.859253,-567.0944824,3247.542969,-1678.506836,-589.7731323,3242.461914,-1539.788574,-582.8806763,3215.254883,-1593.55896,-654.8533325,3142.126709
-1746.72522,-39.15326691,3169.705811,-1711.740479,-192.5697327,3170.945313,-1686.876953,-315.3164063,3159.068604,-1654.750366,-503.8733521,3168.239014,-1688.577881,-477.5062561,3173.674316,-1812.996094,-464.3169861,3189.310791,-1814.103027,-224.3198242,3146.757324,-1809.169312,-22.5628624,3113.276367,-1840.363525,-16.01873016,3034.550537,-1858.755737,-28.16435432,2941.82666,-1871.952026,1.695888162,3010.065186,-1632.099121,-468.110199,3158.014893,-1526.129395,-430.0878601,3130.087891,-1501.707275,-191.0476379,3067.292969,-1481.135376,8.206516266,3014.453125,-1512.142944,53.64000702,3087.510498,-1546.754517,114.0939331,3150.148438,-1496.18457,104.8476868,3006.015625,-1823.055786,-56.4096489,3188.256104,-1706.858643,243.5768585,3333.830811,-1667.326538,572.1984863,3399.60498,-1621.140991,653.2557373,3535.989258,-1677.894531,-23.59242821,3152.978516,-1824.027832,294.2929382,3197.829346,-1946.498291,601.1147461,3113.264648,-1966.401611,720.0375366,3205.860352,-1639.844116,-572.7941895,3183.038086,-1525.265991,-546.1048584,3262.081055,-1563.041748,-568.9390869,3284.192871,-1673.775146,-572.1809692,3269.006592,-1534.449463,-590.2310791,3254.938477,-1593.012695,-653.1409302,3177.686035
-1757.049438,-62.76408005,3205.866699,-1710.077026,-212.3572083,3215.250732,-1676.245972,-332.5501709,3201.912598,-1642.49646,-520.6862793,3203.697266,-1676.15686,-494.8283997,3211.486328,-1798.74939,-477.7660217,3234.30835,-1808.830444,-238.0105438,3194.163574,-1817.592041,-36.81601715,3160.342041,-1843.191772,-35.94009018,3079.52417,-1853.964722,-53.51041412,2986.648438,-1866.446899,-28.13892937,3049.861084,-1620.627075,-484.5028381,3193.585693,-1521.884155,-444.3481445,3148.374756,-1508.634766,-202.1069031,3097.37915,-1497.869995,0.195413828,3055.903809,-1533.488159,29.96876907,3134.502197,-1581.369019,90.14717865,3187.703369,-1530.43689,87.29258728,3099.931885,-1832.690186,-85.62680054,3220.031494,-1746.47522,252.0789795,3272.536865,-1734.104736,584.9087524,3222.129395,-1721.214966,700.8589478,3338.72583,-1688.84082,-42.14775085,3193.09375,-1821.700928,279.8577576,3244.362549,-1861.898315,524.0404663,3010.635254,-1885.525635,670.4306641,3042.897705,-1626.479126,-589.7802734,3215.613037,-1548.508301,-548.2886353,3326.133057,-1589.139648,-574.4256592,3335.851807,-1687.238037,-590.307312,3285.0354,-1550.554688,-593.2739868,3319.270996,-1573.37146,-664.4537354,3231.408691
-1713.830322,-71.47213745,3244.192383,-1675.347778,-221.35466,3245.717285,-1645.442139,-341.1740112,3238.322754,-1616.330444,-527.1149292,3231.775146,-1649.015137,-501.2782288,3240.248535,-1767.405029,-475.6716919,3266.778564,-1794.15564,-240.9350433,3226.27417,-1792.67688,-40.86907196,3205.138916,-1817.546021,-38.92604828,3125.425049,-1835.161621,-44.87776184,3033.560303,-1850.673584,-30.50792122,3098.650635,-1593.875366,-491.5398865,3223.74707,-1493.507202,-444.0702209,3197.561035,-1478.379883,-207.9374237,3137.025391,-1465.614258,-11.18254662,3085.731445,-1501.799805,35.42881012,3153.599609,-1542.023071,96.9678421,3209.121094,-1517.02002,78.71461487,3121.484863,-1790.102295,-90.97771454,3251.790771,-1783.223755,248.0552673,3326.596924,-1817.78418,495.7058411,3108.39502,-1879.241821,596.9816284,3219.627441,-1645.052612,-53.88310623,3237.340332,-1798.069458,246.6698914,3318.463623,-1790.356079,512.3345947,3113.940918,-1732.809692,601.7422485,3219.04834,-1602.212036,-596.0009766,3240.49292,-1554.539551,-519.4418335,3346.765625,-1589.992065,-551.1564331,3356.486816,-1671.78125,-596.932251,3298.979492,-1546.903442,-563.5679321,3349.697266,-1540.359741,-651.8909302,3278.476563
-1672.878174,-83.32270813,3268.099854,-1650.031616,-235.4316711,3265.553467,-1631.93396,-357.0201721,3261.822021,-1602.101807,-541.8319092,3262.734619,-1634.621704,-515.97052,3270.477295,-1754.273926,-495.6037903,3291.99292,-1756.066528,-259.4236145,3260.439697,-1681.912598,-74.18173218,3274.026611,-1664.200317,-59.98054504,3194.158691,-1637.195068,28.80586243,3185.852539,-1652.194092,-26.15605927,3168.304199,-1580.066772,-506.7293701,3252.993164,-1480.490356,-456.8076172,3231.73877,-1464.836548,-221.5705566,3173.71167,-1451.712769,-25.42980003,3124.992188,-1455.831543,16.5522747,3203.816162,-1497.317627,97.18875885,3216.628662,-1463.540161,69.95027924,3125.015137,-1750.255615,-95.07057953,3275.619873,-1760.700439,231.1966705,3387.892578,-1825.024292,479.4067993,3180.304688,-1846.811279,608.1412964,3275.424561,-1603.103516,-72.72914124,3261.318359,-1716.331909,217.6933594,3408.77124,-1786.112549,531.361084,3319.981445,-1718.087646,614.1464844,3422.97876,-1587.599487,-609.8168945,3274.098145,-1520.751099,-511.6855469,3345.514404,-1556.273926,-535.1218872,3368.279785,-1647.707397,-586.4522705,3337.384277,-1515.744873,-553.3439331,3360.672607,-1525.189575,-658.1359863,3319.523193
-1678.114624,-74.41526794,3302.446533,-1647.413086,-224.6817932,3291.86792,-1623.949463,-344.3513184,3276.570557,-1598.564453,-529.4638062,3286.011475,-1630.665771,-502.5975647,3291.640137,-1749.112671,-487.9588928,3322.143311,-1758.246216,-251.6430054,3294.273193,-1718.559326,-56.23720551,3307.948242,-1672.139771,-47.36378479,3239.744873,-1640.806519,23.53711891,3188.157959,-1671.404175,-29.83637238,3199.498535,-1575.427856,-495.3233032,3275.553711,-1473.567993,-450.4807129,3254.194336,-1483.858643,-216.9893036,3189.02417,-1500.659424,-15.35668945,3194.04541,-1529.858765,50.06611252,3247.425781,-1556.573975,120.8909225,3298.871338,-1497.112427,69.75537872,3219.299072,-1754.196045,-90.72839355,3313.365479,-1749.480835,227.303833,3446.937256,-1705.401855,538.5830688,3347.650391,-1644.741821,639.5984497,3457.999512,-1609.508789,-59.70500183,3292.600586,-1725.890503,227.8580475,3442.650391,-1829.887451,479.5026245,3250.676025,-1885.940796,605.2460938,3306.415527,-1586.0448,-597.1782837,3300.602783,-1499.350952,-550.4505005,3397.937988,-1539.202881,-573.0581665,3413.006348,-1639.594971,-588.4523315,3372.779785,-1503.718018,-594.7626343,3395.69751,-1536.007568,-670.9607544,3318.896973
-1638.165405,-79.82679749,3325.2854,-1624.307983,-229.128418,3321.723389,-1615.299927,-348.2585449,3311.507568,-1587.00354,-528.5578003,3313.780762,-1618.247925,-503.0782166,3322.300781,-1733.403809,-481.0523682,3348.705566,-1751.182739,-250.0423126,3331.639404,-1748.477417,-55.09066772,3328.95166,-1699.417725,-34.98369598,3267.7771,-1661.496826,45.33916855,3286.813721,-1675.702881,-26.95469284,3249.251709,-1565.791382,-494.582489,3302.884033,-1469.973999,-444.7741394,3279.18042,-1453.664795,-215.6637115,3221.935791,-1439.940796,-24.73883247,3173.472168,-1475.06189,20.80783081,3238.967529,-1512.826904,78.23152924,3295.968994,-1476.105103,56.37913132,3218.735352,-1711.68689,-87.13806915,3345.715088,-1731.142578,215.1201477,3492.463867,-1796.155151,488.6128235,3336.152588,-1836.949585,614.1941528,3422.002197,-1571.867798,-73.23389435,3306.863037,-1602.779175,238.0642548,3430.021484,-1684.509033,552.4100342,3417.64502,-1612.871826,651.8115845,3495.005859,-1572.700806,-594.7461548,3325.211914,-1525.872559,-585.6095581,3451.597412,-1566.894043,-607.8355713,3445.473877,-1645.678467,-602.9767456,3373.863281,-1528.126831,-625.8552246,3435.254639,-1530.969604,-672.4394531,3335.481445
-1643.221802,-89.04013062,3352.375,-1626.014404,-238.0298462,3347.758301,-1615.356689,-356.906189,3335.720703,-1588.994751,-537.4353027,3343.275635,-1619.206299,-511.1713257,3353.122314,-1731.554321,-483.6334229,3385.916748,-1735.36377,-253.5228119,3353.439453,-1732.061523,-60.06967926,3328.561523,-1698.764771,-31.24490166,3260.593506,-1663.041138,48.16903305,3286.60498,-1671.535034,-26.85972977,3244.664551,-1568.302002,-504.2242432,3329.369873,-1470.400146,-463.3091125,3298.13623,-1450.282104,-233.6019135,3244.160645,-1433.321899,-42.22603226,3198.214355,-1462.075439,-5.554922104,3271.921387,-1504.4104,62.97240448,3310.54248,-1488.735352,25.57035446,3263.498779,-1714.69458,-98.10925293,3378.657227,-1703.344604,199.9768066,3534.825684,-1786.411377,485.6839294,3412.270264,-1746.888672,633.7883911,3448.734863,-1578.771729,-80.86210632,3328.675049,-1581.829224,238.1700287,3435.155029,-1661.898804,553.0905762,3422.808105,-1613.384033,667.0335693,3498.166748,-1574.588867,-603.3360596,3356.307373,-1495.71582,-579.2054443,3463.369629,-1536.666748,-601.0077515,3471.360596,-1631.825562,-603.4156494,3423.323242,-1501.848389,-621.1661987,3453.611328,-1530.814331,-680.1216431,3365.131592
-1636.774414,-100.3078995,3382.117432,-1615.201172,-249.5514069,3375.659424,-1600.26416,-368.8213806,3365.112305,-1580.882324,-551.168335,3375.587891,-1610.196411,-523.4229126,3385.095703,-1721.724121,-486.7964783,3414.187744,-1734.676514,-255.1383057,3385.48877,-1737.098022,-59.87726212,3366.260742,-1699.838745,-45.36578751,3295.28418,-1668.558838,40.02943039,3286.014893,-1687.226196,-28.73197937,3266.776367,-1558.794067,-518.8319702,3361.050781,-1466.092773,-473.5606995,3319.390625,-1464.856323,-242.212616,3262.635986,-1463.752197,-49.40180588,3214.613281,-1480.90332,-13.80883121,3292.925781,-1502.524658,63.09912491,3334.054688,-1493.162109,4.31947422,3299.565186,-1706.916016,-111.7451324,3412.118164,-1662.999634,200.7542419,3535.100098,-1729.210449,515.1543579,3495.88623,-1679.349976,627.9137573,3595.478271,-1573.524658,-89.99443817,3355.064697,-1576.35376,235.8085785,3446.205322,-1676.083374,546.9770508,3431.610107,-1616.565308,666.6986084,3489.813965,-1568.984741,-617.756958,3389.740967,-1476.142944,-609.9523315,3488.738037,-1517.724976,-629.8032837,3499.655518,-1618.25708,-620.9038696,3463.369141,-1486.678711,-650.430603,3475.840088,-1530.396973,-698.2513428,3385.903809
-1615.146973,-97.55856323,3408.584473,-1597.147827,-246.9194489,3398.360107,-1583.300537,-366.3251038,3389.283203,-1568.297852,-549.1572876,3393.598389,-1594.948364,-520.8306274,3407.866455,-1700.280518,-485.9934692,3455.718262,-1750.533447,-258.8648376,3434.750732,-1774.492676,-64.31834412,3432.208496,-1728.594727,-44.56315994,3367.967285,-1686.152832,12.18968964,3310.360596,-1730.346069,-42.19033051,3327.072266,-1547.655762,-517.1845093,3376.476318,-1471.847778,-465.6292725,3313.626221,-1515.888916,-231.7962494,3309.320068,-1547.197998,-36.08663559,3320.518799,-1520.192383,-3.327675104,3397.178467,-1523.828491,80.5096817,3365.295166,-1500.845093,48.46634293,3337.210938,-1680.599976,-108.1354141,3447.869873,-1590.212646,217.1914063,3469.832275,-1665.265747,529.3349609,3431.074219,-1640.292114,615.9852295,3561.225342,-1556.125122,-88.02095032,3373.158936,-1570.556274,238.9441681,3457.592285,-1676.35791,546.9508057,3430.791504,-1616.753418,658.7974854,3502.627197,-1556.514893,-616.2827148,3404.648438,-1458.523682,-596.3700562,3496.555176,-1498.970825,-615.4762573,3511.949707,-1601.448486,-612.0440674,3480.850586,-1468.926025,-638.1242676,3488.773193,-1516.599609,-696.0786133,3407.338135
-1602.204224,-101.4673004,3435.019043,-1584.447388,-249.4305725,3426.711426,-1570.548584,-367.7279358,3419.599365,-1551.586304,-547.6392822,3435.811035,-1577.347168,-519.0344849,3449.94165,-1676.677002,-473.9707642,3498.992188,-1682.451416,-253.4676819,3429.750244,-1567.785034,-103.4295425,3474.382324,-1523.295654,-94.74475861,3407.7854,-1488.065674,-106.8669281,3325.42041,-1525.04187,-72.83766937,3371.454834,-1533.238037,-517.0290527,3415.010742,-1466.56958,-468.816925,3341.962891,-1530.153198,-242.0139008,3339.059082,-1569.964966,-50.63586044,3359.073975,-1507.265015,-22.82606506,3412.170166,-1494.621216,48.42634201,3360.607178,-1494.591431,7.063299179,3339.330811,-1666.087402,-111.4071655,3475.508301,-1558.164063,204.8755646,3497.702637,-1588.485107,522.5686646,3473.083008,-1518.259888,610.5929565,3582.098633,-1544.598022,-92.50408936,3398.508301,-1570.734375,232.0539398,3475.400879,-1670.822266,535.9614868,3428.03125,-1624.85498,653.0111084,3498.600586,-1537.690063,-612.9025879,3450.575684,-1445.324097,-610.6383667,3548.228027,-1487.412842,-628.0767212,3559.054443,-1586.308594,-613.7477417,3523.518555,-1457.922363,-649.9824219,3535.311035,-1503.890869,-694.4248047,3446.277588
-1559.115601,-95.62095642,3497.157471,-1546.658813,-237.5698547,3479.073242,-1539.77417,-351.1488342,3463.626709,-1529.067749,-525.0014038,3478.254639,-1541.064087,-495.0334473,3500.955078,-1595.068359,-442.8468018,3588.170654,-1558.973389,-232.4630432,3525.427979,-1406.839355,-152.2005157,3452.740723,-1401.500732,-132.4377899,3377.965332,-1417.504883,-119.0798416,3293.503174,-1394.638062,-106.2573776,3351.452881,-1522.221313,-497.6584778,3450.223633,-1487.870117,-457.1463013,3358.628906,-1559.068359,-243.688385,3386.162109,-1546.363525,-64.33972931,3444.73999,-1511.962524,-30.70828247,3376.522949,-1467.672974,32.32614517,3339.410645,-1483.594727,-44.09247208,3368.00415,-1581.049194,-106.3656464,3566.387695,-1515.473633,207.0688934,3529.692627,-1571.906616,508.5204163,3500.919922,-1463.963501,581.6725464,3576.726807,-1539.337158,-85.93199921,3434.729736,-1577.737793,230.3374329,3481.242432,-1705.494141,511.1035767,3439.516113,-1636.821167,629.3731689,3463.04834,-1514.99646,-588.593689,3487.38623,-1414.956909,-609.8128662,3566.628418,-1455.272095,-624.9237061,3579.9375,-1552.16272,-597.9592896,3562.541748,-1432.37561,-643.8588867,3550.118896,-1491.432617,-667.4306641,3465.951172
-1550.775391,-94.70330048,3516.748535,-1539.850464,-235.9721985,3497.684814,-1532.647827,-348.9575195,3482.003662,-1523.159546,-522.1148682,3495.983887,-1530.056641,-491.9011841,3520.116211,-1558.693359,-437.7701721,3616.93042,-1485.267456,-239.1838684,3552.028809,-1353.043823,-165.6400299,3444.075439,-1377.634888,-138.6609039,3376.09082,-1426.492188,-112.5354919,3309.544922,-1373.190186,-113.8673706,3347.001709,-1521.06897,-495.2129822,3467.044922,-1504.409668,-456.4677124,3370.464355,-1572.276245,-243.5830383,3401.887939,-1528.697876,-68.62213898,3455.883301,-1493.268799,-20.62030602,3398.057373,-1449.413452,46.431427,3369.335693,-1480.634033,-31.509161,3383.514648,-1570.444092,-105.6061859,3586.27124,-1498.963257,205.8643799,3558.031006,-1524.052002,510.9139709,3540.205811,-1392.794434,554.5161743,3598.585938,-1533.039307,-84.87169647,3454.056396,-1570.209717,230.4330597,3497.655029,-1688.741699,513.4134521,3454.493652,-1624.967041,632.4676514,3483.427246,-1509.060181,-585.6618042,3502.919189,-1404.568481,-610.7155151,3573.880371,-1444.451904,-619.7027588,3592.330566,-1538.7854,-583.6082764,3581.426025,-1427.024902,-643.7518311,3562.777344,-1496.41748,-667.9672241,3487.795654
-1544.280518,-93.46674347,3546.514648,-1534.871948,-237.1027679,3520.615234,-1525.601685,-351.9491577,3500.726074,-1501.552368,-528.2727661,3497.763916,-1520.334595,-501.7947998,3521.443848,-1588.221924,-463.259613,3608.851318,-1490.646973,-275.7406311,3527.381104,-1356.206665,-178.2886353,3434.742676,-1398.481445,-112.5895691,3423.429443,-1463.047729,-55.00863266,3404.392822,-1370.631958,-95.54020691,3380.986328,-1492.224976,-496.6741333,3474.249756,-1424.579834,-444.8377991,3408.216797,-1483.014404,-221.6759644,3416.343262,-1481.668823,-47.576828,3498.572754,-1475.624146,-1.383520603,3427.481201,-1437.114746,76.15534973,3418.210449,-1434.432617,7.609013557,3415.402832,-1575.435547,-107.4953537,3612.998779,-1521.377075,185.3790741,3750.880859,-1502.41626,481.0091858,3853.929932,-1398.566528,545.7004395,3946.756348,-1516.186768,-80.81652832,3486.563232,-1553.829468,243.3333435,3517.98584,-1675.064087,530.3804932,3459.998779,-1614.446777,650.7801514,3502.369629,-1483.293579,-592.538147,3502.351318,-1462.296265,-618.3956909,3629.801758,-1499.675659,-636.8230591,3610.600586,-1561.888062,-611.7368774,3531.22168,-1460.098999,-651.7753906,3603.726563,-1442.742554,-668.9659424,3499.131836
-1533.531006,-94.57691193,3579.609131,-1523.147461,-240.0435486,3556.960938,-1512.885254,-356.3209534,3539.780029,-1492.917725,-534.5983887,3548.394287,-1510.368652,-505.8140259,3570.999268,-1579.782471,-469.4306946,3659.557617,-1502.186279,-261.5712585,3604.491211,-1356.366333,-159.9172821,3532.26709,-1378.90686,-110.541832,3473.963379,-1424.193604,-53.22026443,3422.451904,-1335.950073,-126.2619781,3424.265625,-1483.619263,-504.6789551,3522.189697,-1418.794556,-460.6558838,3446.722656,-1448.7677,-231.2220306,3419.949707,-1429.150635,-44.20290756,3468.839844,-1417.878296,-13.43241692,3389.577881,-1371.064697,54.92028809,3360.318848,-1380.548218,-15.95631981,3374.604004,-1565.176025,-107.3102417,3646.885498,-1511.643555,191.4459839,3779.383057,-1478.457397,485.567749,3891.470947,-1365.490234,543.8779907,3980.102783,-1504.995239,-83.09470367,3518.943359,-1538.911011,245.6022034,3534.713135,-1656.727905,535.5738525,3468.933838,-1609.468384,662.1514893,3514.487549,-1475.86377,-599.4295044,3556.907471,-1451.047729,-633.5042114,3682.975586,-1479.783325,-660.7729492,3659.004395,-1544.975098,-647.3266602,3577.966309,-1436.911499,-660.9025879,3653.288818,-1411.444092,-657.7675171,3547.983643
-1523.963501,-88.40795898,3606.336426,-1513.394897,-235.2132263,3583.179443,-1500.659302,-352.4895935,3566.675049,-1474.659424,-531.5595093,3578.222412,-1492.803101,-502.6537781,3600.826172,-1548.223633,-454.1030884,3694.765869,-1534.78418,-223.9279022,3704.848633,-1414.096191,-73.17352295,3689.749023,-1416.308228,-63.81160736,3609.907471,-1421.958496,-57.80838013,3520.042969,-1396.481812,-112.2672577,3601.914795,-1466.681396,-501.5646362,3551.074707,-1405.213257,-454.5065918,3473.163818,-1431.663696,-222.441803,3445.894775,-1407.659668,-34.31956482,3495.996826,-1404.924805,2.261169195,3417.561768,-1372.745117,77.18593597,3452.471924,-1359.98999,-4.065741062,3400.951904,-1555.577271,-101.417305,3674.382324,-1492.407715,196.9265289,3811.437012,-1450.07312,491.2179565,3928.472168,-1329.198608,544.0585327,4012.590332,-1495.455811,-76.67684937,3544.976563,-1532.115112,254.8752441,3561.477539,-1654.711792,543.1577759,3483.250488,-1603.672974,666.8377075,3536.348145,-1455.233154,-596.2686157,3587.680176,-1392.492432,-596.6373291,3706.309814,-1430.176636,-623.9660034,3702.048096,-1517.94812,-622.343811,3642.864014,-1391.446289,-633.9355469,3684.521484,-1402.28125,-666.4507446,3580.60498
-1488.101318,-85.70709991,3644.992188,-1479.068726,-234.120575,3622.736572,-1476.859497,-352.7633057,3603.621094,-1451.927856,-534.0120239,3602.849365,-1470.860962,-506.4582214,3627.10791,-1523.1698,-462.4851074,3726.317627,-1581.096436,-237.2644806,3738.636963,-1493.532837,-66.33056641,3774.927979,-1465.081665,-50.25802994,3700.651123,-1444.949463,-40.1468277,3612.42334,-1434.682251,-71.9866333,3685.877441,-1442.796997,-501.8813477,3578.039795,-1385.329956,-444.3845215,3502.714355,-1423.636719,-212.2453461,3471.941406,-1392.669067,-24.96319962,3528.0,-1354.128418,15.3585434,3460.748535,-1371.094849,87.23722839,3511.311768,-1348.173584,15.80611229,3452.217773,-1507.484375,-97.88624573,3718.343018,-1450.537964,208.0794067,3848.567871,-1415.499634,509.476593,3957.590088,-1294.615845,549.5393066,4050.895752,-1470.622925,-74.72462463,3578.848389,-1523.980225,258.0153809,3581.781494,-1670.381958,535.4546509,3493.768066,-1600.96228,657.1721802,3532.025391,-1432.985107,-599.9740601,3608.227295,-1351.71582,-577.5020142,3714.186768,-1391.079834,-602.2409668,3722.144043,-1487.783936,-607.5595703,3677.054199,-1355.728027,-619.1796875,3702.028809,-1384.394531,-674.4921875,3610.87085
-1471.39856,-85.18139648,3680.851318,-1456.866821,-232.1366425,3659.674316,-1451.541748,-349.8414612,3641.203125,-1429.660522,-530.0463257,3643.51709,-1447.077637,-501.8830261,3667.669189,-1499.838623,-457.2528381,3765.206055,-1572.891602,-239.175293,3787.61377,-1518.358643,-57.11829758,3826.293213,-1494.194092,-34.97537613,3752.745605,-1474.303711,-18.45525551,3666.169189,-1463.725342,-52.08468246,3736.330811,-1421.058105,-498.8602905,3617.864258,-1371.2323,-446.4178467,3535.037109,-1405.168335,-216.7711487,3495.706299,-1362.811035,-31.24320602,3544.268311,-1343.151733,14.3821125,3473.216797,-1361.552734,86.02661133,3522.371582,-1336.980103,15.12991905,3463.78125,-1488.896118,-97.45845032,3754.040039,-1424.784546,206.5598907,3878.64624,-1396.656982,510.5710144,3974.246582,-1268.881836,568.0073853,4044.351074,-1455.620239,-74.11062622,3614.853516,-1506.556152,256.380188,3612.754639,-1656.807983,521.6179199,3505.091064,-1600.708862,650.7903442,3535.757813,-1411.696411,-595.6674805,3649.594727,-1312.499146,-585.8654175,3739.698242,-1352.007324,-606.727478,3753.644043,-1454.180908,-600.6013184,3726.069092,-1322.781616,-626.0848389,3727.518311,-1371.754395,-674.0698242,3642.063965
-1449.068359,-87.15233612,3725.415039,-1436.18457,-235.85495,3701.258057,-1431.160278,-354.9026794,3680.9104,-1415.465332,-538.230835,3681.708008,-1429.630615,-509.0701599,3707.682373,-1471.566406,-459.9291687,3810.17627,-1513.406616,-233.8868408,3765.385742,-1368.269409,-101.9804764,3778.643799,-1345.640747,-99.66705322,3700.268066,-1307.79126,-81.91024017,3618.790039,-1331.231934,-70.8468399,3669.91748,-1408.162964,-506.9543152,3654.884033,-1362.383545,-455.0750122,3567.502441,-1394.87207,-222.9168396,3522.847168,-1359.825928,-28.37678719,3546.304199,-1331.598755,30.68327713,3487.682861,-1362.482422,88.40245056,3549.468018,-1328.629517,36.04345703,3479.973389,-1463.315674,-100.5325775,3800.180664,-1400.786377,215.0609283,3907.926514,-1390.084961,530.3798828,3982.774902,-1266.489746,601.0813599,4053.020996,-1436.220825,-75.08678436,3657.995361,-1480.809448,260.7436829,3647.973877,-1648.696533,515.958374,3529.458008,-1593.192993,650.2297363,3544.616455,-1399.160278,-605.3574829,3686.30249,-1290.053589,-629.571228,3764.124512,-1329.608643,-653.7335205,3774.218018,-1434.891235,-636.5829468,3761.369141,-1303.669189,-663.2578735,3739.578125,-1363.701782,-677.6887817,3647.283447
-1444.392578,-89.49323273,3737.364502,-1430.633179,-238.3469543,3713.742676,-1422.639404,-357.4901123,3694.250732,-1401.280029,-540.3682861,3698.584717,-1416.710815,-511.1800537,3723.859863,-1463.05127,-462.5357361,3824.815918,-1530.101074,-238.1899567,3813.515381,-1423.068115,-74.22145844,3832.758789,-1395.711182,-67.30348206,3756.101318,-1356.025513,-61.88387299,3673.6521,-1367.401123,-66.15751648,3732.339111,-1394.571777,-509.3306885,3671.271484,-1348.837524,-456.4970093,3584.306396,-1386.767212,-224.5354156,3541.779053,-1354.785278,-29.86247826,3569.67041,-1327.062744,32.65813828,3514.36792,-1359.552124,81.38182831,3582.839111,-1324.194824,36.07550049,3505.895996,-1458.886841,-102.7066574,3812.187012,-1405.758057,218.1199341,3910.069824,-1422.515503,538.9364014,3956.279785,-1310.710327,621.1260986,4033.742432,-1431.32251,-77.57810211,3669.893799,-1478.62854,258.2582703,3662.05957,-1650.894775,512.4735718,3546.880615,-1595.058472,646.8502197,3561.174805,-1382.956543,-606.9246826,3704.616699,-1278.105225,-618.725769,3790.921143,-1317.579834,-642.9524536,3801.377441,-1422.398682,-630.8456421,3780.601563,-1289.299316,-655.3931885,3769.555908,-1343.220093,-681.9760742,3676.071289
-1383.52478,-89.44274902,3782.640625,-1372.71582,-240.7648315,3757.679199,-1375.187988,-361.4406433,3734.462891,-1365.025513,-548.1804199,3728.921875,-1383.735229,-519.2059326,3753.308105,-1457.432373,-474.5424194,3841.346191,-1511.588013,-265.0466003,3741.882568,-1439.65979,-78.56009674,3740.907959,-1366.380127,-45.35634995,3720.563232,-1289.632813,-18.38641739,3675.244873,-1336.184814,-79.80082703,3736.317627,-1351.221924,-515.5004883,3705.427002,-1292.45874,-461.065094,3625.250488,-1337.925415,-225.5565948,3588.52002,-1296.046265,-41.45912933,3661.485352,-1297.106079,7.883917332,3587.00293,-1327.763184,65.34783173,3651.313477,-1318.068359,20.65749168,3587.248535,-1405.644775,-103.2504196,3856.76709,-1364.353271,223.2545319,3960.288086,-1426.958862,546.5206909,3977.386475,-1333.450684,652.3362427,4055.643555,-1363.578247,-76.99176788,3715.797363,-1418.571411,262.1077881,3743.333496,-1617.922485,486.1568909,3598.167236,-1587.326538,631.1394653,3587.788574,-1351.709717,-617.1628418,3733.371826,-1257.425171,-591.2294922,3831.425293,-1291.655396,-623.5797119,3841.839844,-1394.469238,-640.9926147,3809.255859,-1256.882446,-632.5235596,3814.618164,-1291.230835,-683.8702393,3720.104492
-1368.274536,-89.83921051,3794.706055,-1362.501099,-238.7265015,3773.188477,-1366.694092,-357.0366516,3751.508057,-1343.140503,-538.6719971,3755.559326,-1364.450317,-510.6729126,3777.299316,-1431.152466,-465.0851746,3866.874756,-1518.781006,-250.8466797,3838.601074,-1469.077148,-62.63554001,3858.87085,-1431.988159,-51.18770599,3787.48584,-1360.819092,-22.13660431,3738.447266,-1384.21521,-63.71843719,3791.726807,-1331.082642,-506.859314,3731.508057,-1272.54541,-452.6688232,3654.360107,-1324.029053,-228.2355804,3595.773682,-1302.10022,-47.40306854,3673.872559,-1314.044922,8.984546661,3608.053711,-1333.694824,73.90952301,3666.62915,-1304.496704,13.70130444,3595.911133,-1403.497803,-100.9598465,3862.202637,-1360.011963,213.9127197,3976.589111,-1434.980957,527.397644,3958.206055,-1370.765869,651.0764771,4032.840332,-1336.512207,-79.81124878,3733.841309,-1342.812134,253.394104,3786.842041,-1568.588135,448.3253479,3654.696045,-1569.267578,591.5,3629.10791,-1325.369385,-604.7661133,3763.752441,-1200.909424,-623.5438843,3814.181885,-1237.132202,-640.2785034,3839.453369,-1340.442627,-614.7312012,3850.30835,-1222.320801,-659.8450928,3802.789551,-1305.753052,-686.9845581,3735.513428
-1339.083374,-101.9081573,3817.244141,-1336.525513,-248.7611542,3795.944824,-1338.689209,-365.9850159,3777.74585,-1319.543335,-545.5712891,3778.316162,-1337.12439,-517.6083984,3802.223145,-1394.907227,-472.6697693,3895.942627,-1495.150269,-265.8736572,3890.2146,-1468.660767,-75.76844025,3909.840088,-1443.41626,-58.60115433,3835.781738,-1391.713867,-26.09915352,3769.824707,-1405.792603,-57.31285095,3821.929932,-1309.847046,-514.355896,3753.443848,-1258.997192,-465.6600647,3669.709473,-1335.167603,-251.5081177,3613.126953,-1310.184204,-73.5089035,3689.726074,-1300.253906,-26.05508614,3618.392578,-1313.719971,53.1620636,3655.130859,-1287.678833,-26.70743752,3607.52832,-1359.63623,-112.7388077,3889.450684,-1289.179932,200.388916,3978.308105,-1379.72522,504.585144,4002.060059,-1286.671387,621.8215332,4045.462158,-1320.550049,-92.14167023,3752.131836,-1290.381592,230.5751343,3827.057129,-1514.320923,436.1669312,3722.063721,-1507.35498,576.0118408,3691.180664,-1302.774902,-611.1774292,3784.001465,-1182.694458,-643.0296021,3833.344482,-1219.895996,-654.9284668,3858.69165,-1318.074829,-617.9880371,3869.546143,-1207.872437,-676.2946777,3822.766602,-1293.122192,-694.3152466,3757.289063
-1330.121948,-94.9960022,3830.956055,-1328.106445,-245.5611115,3813.932373,-1323.894897,-365.9248047,3800.837646,-1306.434448,-549.3609009,3793.549805,-1322.408691,-521.5593872,3820.105957,-1382.249146,-483.6747131,3918.734863,-1496.517456,-278.9850159,3930.601074,-1466.602051,-86.38902283,3959.299072,-1445.779419,-64.86483002,3883.187744,-1407.762085,-35.57614136,3804.953125,-1419.862549,-57.10797882,3859.929443,-1297.87146,-516.6721802,3768.710449,-1255.297974,-463.8044128,3679.994629,-1335.443237,-241.995697,3640.270996,-1288.232666,-69.39178467,3728.4729,-1281.449585,-16.76649284,3658.186279,-1318.828247,61.41534042,3683.269531,-1282.282593,-15.07764912,3649.057129,-1345.05127,-103.731514,3906.449463,-1234.24292,214.4488373,3952.418701,-1380.560425,499.4639587,4006.899414,-1293.008545,626.5194702,4045.791992,-1316.659546,-87.11881256,3762.880127,-1277.170166,230.0217438,3877.963135,-1485.013184,452.9299316,3755.662354,-1460.16333,596.0288696,3737.241699,-1289.728882,-616.6670532,3795.800781,-1163.325073,-650.5134888,3834.605957,-1198.741211,-661.0973511,3864.505615,-1296.613647,-620.8652954,3884.439453,-1190.643555,-684.1826782,3827.441895,-1284.315552,-702.4729004,3770.202393
-1305.132202,-104.2423553,3856.019775,-1304.121338,-255.4475403,3836.264404,-1305.044434,-376.3068848,3820.310791,-1293.146484,-561.3756104,3813.594238,-1305.628052,-532.699646,3841.471924,-1358.609985,-500.8129578,3946.859131,-1467.466797,-293.2648315,3976.305176,-1450.690918,-97.10410309,3999.594238,-1444.847534,-74.8789444,3920.560303,-1421.331787,-42.02205658,3837.50708,-1426.586182,-59.74427414,3892.632568,-1286.314331,-528.9846802,3787.416748,-1257.938843,-482.1730347,3689.236084,-1325.430542,-252.2655182,3666.618408,-1311.446899,-57.77400589,3714.385498,-1274.97644,-30.3171463,3638.426025,-1274.287109,-21.26356888,3728.754883,-1268.466064,-40.78694534,3626.205811,-1312.377441,-114.3432541,3932.960449,-1190.343262,203.4740143,3898.414063,-1361.770142,472.1647339,3971.661133,-1306.54248,605.6231079,4040.800537,-1298.598755,-95.13392639,3786.638916,-1233.366699,219.3553467,3903.613281,-1417.835083,481.1688232,3822.163818,-1393.614746,626.4078979,3827.100586,-1277.96228,-629.5128784,3814.987305,-1144.559082,-636.5646362,3846.907959,-1175.115112,-659.5180054,3875.689453,-1279.321777,-647.2818604,3902.762695,-1163.486816,-674.822937,3835.344238,-1253.327393,-707.6577148,3777.098145
-1302.026367,-104.6327744,3857.561768,-1291.281982,-254.5549011,3844.720459,-1280.414063,-374.2613831,3834.884277,-1253.036133,-555.7792358,3833.352783,-1264.765991,-527.361145,3861.147705,-1302.810669,-496.297699,3971.595215,-1412.661255,-296.6865845,4023.442627,-1401.042114,-101.7094727,4041.084229,-1418.364624,-79.2224884,3964.77002,-1428.410034,-48.46370697,3879.324219,-1419.743042,-62.07792664,3935.144531,-1252.084229,-524.4706421,3805.750488,-1244.700439,-481.9780273,3703.253662,-1304.059204,-253.9328918,3669.234131,-1265.920532,-64.02433014,3713.079346,-1269.774536,-27.11134338,3633.653564,-1264.778687,-30.10401726,3723.272461,-1256.145264,-31.36183357,3620.173584,-1315.784912,-112.0853195,3933.057861,-1185.354492,200.1008148,3922.234131,-1350.072632,477.6995239,3943.836914,-1292.304443,595.8619385,4032.118408,-1289.619751,-97.91248322,3789.483887,-1186.331177,200.099823,3911.397949,-1352.477173,480.4510498,3885.474121,-1306.449463,611.2214355,3930.437988,-1231.955688,-621.5247803,3835.369141,-1109.011353,-641.5577393,3889.637207,-1145.795532,-661.8051758,3911.476074,-1250.504028,-640.4616699,3919.914307,-1128.699951,-677.244873,3873.742676,-1208.294922,-700.1027222,3800.14917
-1267.496704,-112.2632675,3894.412354,-1264.958984,-261.9258118,3874.710693,-1259.776855,-381.5733032,3859.695801,-1235.2677,-563.6246338,3856.336426,-1246.475098,-535.2711792,3884.460449,-1266.622925,-487.1547241,3993.608398,-1364.265747,-281.349762,4046.501221,-1353.065796,-86.92714691,4070.963379,-1384.873169,-66.05979919,3998.900635,-1411.421631,-49.98135376,3912.888672,-1409.067993,-66.31746674,3972.291748,-1233.896362,-532.0447388,3829.011475,-1212.265137,-491.2380676,3727.757324,-1288.863037,-268.6038513,3691.109619,-1229.230713,-101.459816,3780.621338,-1252.991699,-38.41996765,3724.411133,-1203.724487,14.17857075,3778.119385,-1249.269165,-38.49155426,3705.595947,-1284.873413,-122.3648911,3968.910645,-1210.059937,200.128067,4040.843994,-1319.723633,495.8391724,3967.656494,-1213.998291,611.9709473,3946.002197,-1251.827515,-103.1541901,3827.233887,-1143.597168,199.1785126,3934.039063,-1292.328125,490.0896912,3951.199463,-1218.883179,616.1038208,3949.968994,-1215.21167,-629.7651978,3857.65918,-1080.965088,-643.4349365,3840.859619,-1099.106079,-657.645752,3882.242188,-1184.876709,-631.1274414,3940.972412,-1103.439575,-680.8028564,3844.79126,-1208.063354,-714.6062012,3830.484375
-1240.970459,-119.9763947,3900.05835,-1239.425903,-264.437439,3878.068604,-1239.793335,-379.8703613,3860.082031,-1218.896606,-556.34198,3853.342773,-1228.468018,-529.1798706,3881.316162,-1246.452515,-490.457428,3990.348145,-1318.061035,-284.061554,4049.584961,-1311.867554,-96.57578278,4079.640869,-1356.462891,-75.18963623,4018.199463,-1398.112793,-59.35246658,3941.726563,-1389.783325,-73.15268707,4001.000488,-1217.923462,-525.3775024,3827.344727,-1203.410278,-484.1783447,3728.877197,-1294.253418,-272.1925049,3727.295166,-1255.132324,-98.88883209,3801.102783,-1230.007202,-57.38577271,3731.399414,-1215.455566,-2.395711899,3797.224365,-1234.871948,-51.85334015,3724.560791,-1259.52478,-131.0572662,3971.551025,-1247.568481,193.4582825,4017.116943,-1325.064453,497.1099243,4018.432617,-1255.178467,632.9938965,4032.525635,-1224.239258,-109.9842834,3835.590088,-1095.22583,175.8615112,3930.173096,-1193.561279,473.6203308,3974.429932,-1168.683716,610.0985107,4000.646973,-1200.44043,-620.6556396,3853.015625,-1072.442383,-641.8876953,3875.150146,-1101.651855,-653.6824341,3908.46167,-1195.765381,-621.8963013,3938.709961,-1096.599243,-676.6170044,3872.64917,-1191.401123,-703.6094971,3830.203857
-1227.342285,-120.6709976,3910.338379,-1224.217407,-266.038269,3889.857178,-1221.886719,-382.2497864,3873.440674,-1196.440674,-558.9324951,3865.375732,-1205.072266,-531.8717651,3894.022705,-1205.02124,-503.2276611,4008.13916,-1261.084839,-294.7336426,4079.674316,-1126.19458,-163.422348,4048.008545,-1157.276855,-133.730545,3981.424561,-1194.813477,-123.8616104,3901.406738,-1205.400513,-146.3738403,3976.271729,-1197.925171,-527.8451538,3839.245361,-1191.553101,-481.4794006,3741.647461,-1285.011841,-269.8269043,3754.864014,-1249.382813,-96.26948547,3832.178711,-1227.244141,-51.73244858,3762.837402,-1212.534546,23.15687752,3805.461182,-1220.380859,-52.87734985,3752.265625,-1245.892822,-131.207077,3982.289063,-1229.723145,194.9845581,4025.926514,-1283.550049,505.197998,4031.329102,-1191.031006,621.8949585,4071.282959,-1210.614502,-111.1701508,3845.457275,-1097.867065,183.0079193,3940.748291,-1228.595215,469.1715088,3988.46167,-1210.396729,599.0123901,4042.636963,-1176.167969,-623.0184937,3863.905029,-1046.489258,-648.9908447,3864.279541,-1069.796875,-657.8646851,3903.012207,-1156.227539,-620.2683105,3947.766357,-1072.044067,-682.8440552,3868.044922,-1174.285278,-707.7148438,3844.447021
-1191.313232,-118.9128189,3917.686279,-1184.991211,-264.3258057,3898.386719,-1183.950317,-380.6370544,3882.625488,-1174.438721,-558.9221802,3875.692871,-1175.130859,-530.7404785,3904.545898,-1143.206909,-493.3563538,4011.429199,-1184.360107,-273.8148499,4054.204346,-1032.385498,-218.6567841,3952.734619,-1060.123291,-202.0097198,3880.391113,-1102.22229,-187.0296173,3803.506836,-1066.545898,-233.489624,3859.486328,-1178.605957,-528.2863159,3849.325684,-1164.971313,-479.2443542,3753.812256,-1258.533081,-267.6921387,3740.059082,-1204.700317,-90.10372925,3794.165283,-1127.439331,-105.3108292,3827.031494,-1134.44519,-18.63656235,3818.154053,-1120.279663,-84.53204346,3787.467285,-1197.294922,-129.0099182,3991.803711,-1215.670532,197.8839264,4028.56958,-1330.972656,490.8713684,4026.005371,-1259.312134,625.5465088,4048.314941,-1185.919312,-109.8078156,3850.851318,-1044.29126,175.2498779,3934.512207,-1021.553528,482.4120178,4014.349854,-929.7689209,579.0199585,4062.971191,-1159.910522,-624.4803467,3872.455078,-1028.679443,-633.3093262,3886.198486,-1054.536011,-649.0264282,3920.93042,-1149.692993,-627.715271,3958.023193,-1049.475342,-670.3948975,3883.927002,-1144.060303,-705.7861328,3846.138916
-1161.718628,-104.9716568,3933.570313,-1151.58728,-250.7702637,3911.168457,-1149.145264,-367.6429749,3893.643555,-1134.825439,-546.9805298,3890.849609,-1132.806274,-517.6762085,3918.90918,-1083.820923,-477.600769,4019.062012,-1155.41626,-262.7153931,4052.978516,-1015.201782,-193.3522491,3941.27417,-1052.340088,-196.6986389,3870.716797,-1109.335083,-196.9250488,3801.643555,-1064.875854,-234.3220367,3862.642334,-1143.263184,-517.161499,3864.127197,-1139.941895,-480.9083252,3761.39502,-1240.080322,-270.2475891,3754.344971,-1193.437622,-84.39672089,3788.615723,-1112.114014,-92.38881683,3815.188232,-1130.92981,-6.6665411,3808.417969,-1103.175293,-87.71424103,3799.730225,-1156.043457,-116.0302353,4008.110107,-1224.548706,208.2255707,4023.816162,-1345.879517,501.1595459,4027.133545,-1281.157715,642.2078857,4031.86792,-1166.836182,-94.99964142,3866.35498,-1013.465515,189.4787598,3939.800293,-956.8521729,490.4421997,4034.060059,-856.2962036,583.2227783,4075.119141,-1118.629395,-612.6409302,3887.744385,-986.668396,-630.0358887,3892.107178,-1010.964722,-643.0952759,3929.403076,-1102.090698,-614.1930542,3972.983887,-1010.112854,-665.9341431,3892.5896,-1110.086548,-696.1122437,3862.832275
-1134.892944,-89.82250214,3939.687744,-1125.543823,-235.3187866,3917.741455,-1124.692505,-351.9698486,3900.854248,-1116.052124,-531.1454468,3904.509277,-1110.601074,-500.9045715,3930.902588,-1047.742798,-465.6021423,4024.494629,-1025.567139,-238.381073,4018.626221,-905.1316528,-145.1034393,3902.286133,-950.666687,-141.4214325,3837.126465,-1019.39856,-134.6870728,3780.514893,-963.6329346,-179.1345367,3828.467041,-1125.998657,-502.2429199,3877.477539,-1126.149658,-471.5401306,3773.221191,-1231.250977,-263.9436035,3775.483154,-1150.87207,-90.72534943,3810.285156,-1069.881836,-113.2460861,3826.872559,-1046.518921,-28.68179893,3829.604492,-1061.825562,-113.7683792,3817.704346,-1126.989136,-100.5028381,4013.862061,-1222.719727,216.0151367,4024.425049,-1338.674194,510.1314087,4029.383545,-1257.415894,640.5396729,4048.37085,-1142.020264,-80.19156647,3872.801514,-984.6635742,200.0641632,3949.741211,-886.6081543,488.3503418,4046.514404,-774.9938965,567.374939,4086.359863,-1102.209229,-597.1966553,3902.789307,-974.0971069,-629.3830566,3889.133789,-993.3989868,-636.7634888,3930.517822,-1072.814453,-594.4834595,3984.199951,-1000.70105,-662.0846558,3896.276123,-1106.397217,-682.4389038,3884.514648
-1121.206665,-92.35547638,3954.284424,-1101.520264,-239.559906,3937.123291,-1093.796143,-358.0976868,3923.921631,-1082.938232,-539.5969238,3917.609131,-1079.571411,-510.5151062,3946.418945,-1032.619873,-471.3788147,4049.445068,-1024.052124,-243.1351318,4087.625977,-899.7785645,-131.535202,3988.237549,-927.7349854,-122.6131744,3913.069824,-969.8112793,-114.446907,3833.307373,-910.1175537,-152.6526489,3880.35083,-1091.589355,-508.8173218,3891.346436,-1096.44519,-473.269989,3787.144775,-1199.348389,-263.6229248,3753.474609,-1169.210938,-70.97737122,3780.2771,-1092.656982,-71.97588348,3821.35376,-1074.59314,14.08210373,3835.115234,-1081.671997,-66.71498871,3809.328125,-1115.452271,-100.4186478,4030.049805,-1222.25354,217.6046448,4030.964844,-1346.984497,512.9499512,4028.330322,-1248.152466,633.5283813,4046.734863,-1126.39563,-85.08455658,3885.963623,-965.0560913,200.1889343,3955.911133,-860.1851196,493.4291077,4045.241943,-735.1622314,556.9127197,4079.905029,-1067.949219,-606.2226563,3912.897705,-936.8781738,-628.6074219,3891.643799,-954.7630005,-643.4004517,3932.403076,-1035.940796,-613.987854,3994.296631,-961.7284546,-664.0290527,3894.382568,-1067.881226,-689.043335,3881.700439
-1089.756836,-93.17001343,3961.006836,-1078.095093,-241.3233337,3937.525879,-1074.435303,-360.0385742,3918.5271,-1067.386841,-542.7981567,3910.05249,-1066.663818,-514.09375,3939.787598,-1035.6875,-482.9373169,4052.052979,-1060.122681,-256.8721924,4103.130859,-904.9822998,-218.4380341,3990.377197,-932.4415283,-221.4269562,3914.012207,-983.3078613,-214.5657501,3838.716553,-907.9961548,-159.678009,3889.012695,-1072.190796,-511.1869507,3883.378906,-1060.864502,-462.6870422,3784.283936,-1140.982544,-239.927124,3765.709229,-1118.604248,-45.28935242,3794.850586,-1043.782104,-44.63713455,3840.088379,-1072.627808,39.64141846,3849.4646,-1033.123657,-30.32280159,3823.544678,-1092.208496,-105.3892593,4036.886719,-1201.499512,214.0437927,4038.323975,-1336.973755,506.8256226,4032.631836,-1243.278564,632.3508911,4053.251221,-1087.546143,-82.15139008,3892.582764,-919.2705688,201.9295959,3961.286621,-819.1885376,498.3464661,4053.098145,-684.3860474,550.3497925,4069.002686,-1053.52478,-610.1459961,3905.830322,-918.036499,-612.2457886,3904.212158,-939.3991699,-630.9499512,3941.92041,-1032.860352,-615.772522,3991.564697,-937.5130615,-651.2650757,3902.832275,-1036.284912,-691.5078125,3873.960205
-1068.845337,-93.93895721,3962.671387,-1055.470825,-242.5337677,3945.30249,-1052.81604,-361.6871948,3930.651611,-1035.856445,-543.5623779,3924.006592,-1037.30957,-514.6726074,3953.437988,-1012.159241,-478.6562805,4065.489258,-1022.709839,-249.6589355,4105.219727,-878.4803467,-134.611084,4041.244141,-901.7286987,-123.3470764,3964.399414,-944.4719238,-112.0103912,3884.897217,-893.9521484,-144.5425415,3932.170898,-1041.755249,-512.5200806,3896.995605,-1036.043457,-471.4432678,3794.334717,-1122.127686,-251.2437744,3777.048096,-1099.270508,-55.8910675,3797.478271,-1024.859253,-46.23713684,3842.081055,-1076.046875,24.62503624,3860.90625,-1016.639221,-33.17174911,3832.419678,-1075.647339,-103.4200363,4038.547119,-1185.764893,215.0724945,4044.800293,-1327.647095,504.1648254,4037.492188,-1242.278687,635.4678955,4056.16626,-1062.711792,-85.38944244,3894.250977,-899.5160522,200.6575165,3964.267578,-795.3110962,497.1137085,4049.166748,-672.057312,571.6091919,4066.977051,-1018.355835,-609.9898682,3920.699219,-883.5466919,-608.9145508,3909.387451,-901.838623,-632.078125,3946.123047,-991.5333862,-624.5262451,4003.477051,-902.4864502,-647.8998413,3905.051514,-1002.335815,-686.8261719,3878.918457
-1034.370605,-90.17444611,3964.026855,-1023.124084,-238.0180969,3945.293701,-1020.406128,-356.3985291,3929.368896,-1005.441772,-537.5195923,3922.497314,-1007.595642,-508.8877563,3951.848389,-985.0307007,-479.9344482,4065.833984,-985.1019287,-251.6744385,4104.373047,-866.2351074,-101.9235687,4069.808105,-888.5397949,-84.89118958,3994.183594,-932.7973022,-71.91960144,3916.297119,-881.4368896,-121.2958527,3971.071045,-1009.980469,-506.4479065,3895.577393,-999.5411987,-474.9500122,3790.528076,-1070.557739,-250.1431732,3783.230957,-1064.035034,-54.40019226,3802.027344,-994.8781128,-30.86651039,3849.004883,-1065.665894,22.99578094,3850.989502,-988.9766846,-15.18175983,3836.657227,-1045.381348,-100.499649,4038.90332,-1140.407104,220.4171448,4060.068115,-1312.142212,489.9545288,4036.05835,-1247.847534,629.9681396,4065.897461,-1024.442017,-80.86374664,3896.507813,-865.8442383,207.4208832,3959.454102,-786.4952393,508.5409851,4048.464355,-665.9644775,586.7283325,4062.837158,-988.7032471,-603.8024292,3919.513916,-856.0824585,-618.1970825,3901.515137,-874.6231689,-637.3572388,3940.084473,-959.2149048,-617.3184814,4001.078613,-879.2436523,-654.8051758,3900.178711,-983.5040894,-683.3950806,3881.239746
-993.7648926,-88.9941864,3968.749268,-981.7350464,-238.5925446,3949.132324,-979.026123,-358.4250183,3932.560547,-970.6687012,-542.2097168,3923.650879,-971.4168091,-513.4519043,3953.678467,-947.3130493,-484.4117432,4068.936279,-963.2088623,-255.8540649,4118.674316,-852.8331909,-95.05322266,4092.599365,-875.6270142,-75.70315552,4016.573486,-922.269043,-62.26451492,3938.806152,-871.9915161,-108.4168701,3992.197021,-974.4541626,-510.322876,3896.751465,-962.4526367,-470.5282898,3793.210205,-1047.889648,-247.4669495,3790.260986,-1020.55835,-52.64160156,3821.917725,-940.8883057,-47.47166824,3858.839355,-1025.552856,-29.29497147,3833.920654,-935.9404907,-24.57320976,3835.732666,-1003.185059,-99.72141266,4044.77832,-1112.195068,220.9576721,4070.030762,-1291.296021,490.8756104,4049.366455,-1225.071045,632.5206909,4077.860352,-985.2703247,-79.32098389,3900.19043,-828.6680908,215.0852814,3962.708008,-767.9719238,523.8917847,4055.134766,-647.0230103,605.8253784,4061.581055,-956.218689,-609.8777466,3919.769043,-821.4834595,-630.211853,3915.520752,-845.9217529,-653.9209595,3948.620361,-937.7108154,-637.4989624,4002.216797,-846.2467651,-665.0958252,3905.695557,-949.7694702,-684.0532837,3869.924316
-948.1108398,-89.41838837,3968.718262,-938.3336182,-238.8513336,3950.116699,-934.0079956,-358.5080872,3935.367432,-933.8959961,-541.7346802,3923.095703,-928.4310913,-513.5787354,3953.032471,-881.3291016,-496.9203796,4063.143799,-903.9648438,-275.6545105,4135.008789,-806.7202148,-107.4954147,4107.560547,-843.5368042,-81.12479401,4039.862061,-901.0092163,-62.74747849,3971.213623,-853.4403687,-97.33089447,4013.496826,-941.1082153,-509.3745728,3897.699463,-939.149292,-472.9595337,3792.609619,-1032.284302,-253.8186951,3797.661865,-978.1427612,-64.12190247,3821.1521,-895.1653442,-79.16979218,3845.218018,-979.1921387,-47.74286652,3840.466797,-887.1611938,-87.38279724,3846.04834,-944.927063,-98.73227692,4045.213135,-1047.795776,221.1696625,4086.985596,-1268.252197,457.194397,4066.509277,-1234.280518,611.8477783,4072.649902,-950.9818115,-81.01963806,3899.739502,-808.2875366,220.5591431,3955.471436,-758.9232788,527.8259277,4055.936768,-644.1611328,617.4742432,4062.856201,-922.7976685,-609.5640259,3916.021484,-790.2576904,-629.0719604,3893.081543,-809.2483521,-651.4239502,3930.245605,-892.22052,-633.381897,3995.72998,-815.6491089,-664.4133911,3888.459717,-922.6937256,-685.5568848,3869.063721
-920.7098999,-99.76460266,3966.246094,-908.8432007,-248.8783875,3949.496826,-907.4952393,-368.5766907,3937.223145,-905.8153687,-551.6217651,3930.653809,-899.4073486,-522.559021,3959.366455,-852.9978027,-500.261261,4068.432373,-877.5643921,-280.7125549,4142.952148,-763.171936,-130.334549,4092.031006,-817.2573242,-92.38663483,4044.755859,-880.7091064,-68.42694092,3983.839111,-842.894104,-96.34484863,4026.283691,-914.4616089,-520.2302856,3904.67041,-916.1948242,-483.1228333,3800.119141,-1017.467834,-268.348114,3793.039551,-910.6179199,-103.3280792,3817.922852,-834.8175049,-135.2388153,3847.719238,-909.215332,-86.55497742,3836.555176,-827.1776733,-140.8962097,3847.283447,-909.8530273,-107.4120483,4042.020752,-1001.393555,212.0971985,4102.158691,-1231.725708,437.9335632,4090.254395,-1219.981812,594.5714722,4072.683838,-930.5,-92.86856079,3897.916504,-797.937439,213.2739716,3948.323242,-762.9091797,521.8809204,4047.998535,-653.5769043,616.1342773,4065.604736,-894.2841797,-619.3517456,3925.222656,-762.0093384,-613.6976929,3896.04541,-775.0678711,-642.2122803,3931.350586,-856.28125,-644.7246704,4000.905029,-781.2843628,-652.192627,3888.834961,-883.8633423,-689.3936768,3871.13916
-882.9719849,-102.188858,3966.348389,-872.9360962,-252.3418121,3952.126953,-872.9854126,-372.7478943,3941.850586,-870.0634766,-556.2716675,3929.718994,-863.8140869,-527.9248047,3959.418457,-821.4389648,-518.375061,4072.481201,-834.9822998,-296.1812134,4145.054199,-737.2104492,-126.8347778,4125.559082,-787.0771484,-92.89833069,4070.622803,-841.4088135,-73.094841,3999.646973,-819.720459,-98.00505066,4055.004639,-878.9682007,-524.0346069,3904.588379,-883.3519287,-492.7405396,3797.737793,-974.3817139,-272.3206787,3791.185303,-946.1488647,-75.77033234,3804.314209,-861.9445801,-73.68367004,3829.257324,-934.4290771,-20.39544296,3831.356689,-855.7974854,-59.38610458,3812.902588,-872.3517456,-108.7004623,4042.593506,-944.2803955,213.2190094,4121.626953,-1186.475098,427.5739746,4099.806641,-1196.304932,585.7373657,4090.744385,-892.5487671,-96.31705475,3897.594971,-783.1484985,219.7588654,3951.745117,-762.9632568,531.5979614,4049.998779,-651.7821045,625.5551758,4061.737061,-858.027832,-624.0141602,3922.216309,-728.6835938,-630.5176392,3880.217041,-740.7503052,-657.4840088,3917.314453,-815.0410767,-651.9693604,3994.693359,-751.9667969,-667.3728027,3875.615723,-859.0968018,-695.5907593,3868.526123
-846.6722412,-109.5838165,3957.042236,-843.1367798,-258.0592957,3945.087891,-841.0645142,-376.782959,3935.645752,-837.8630981,-557.7614136,3925.021484,-830.4824219,-529.5514526,3953.751709,-796.6971436,-492.5586853,4062.120361,-792.3151245,-279.7846069,4151.40918,-704.3235474,-107.7854919,4137.432617,-760.3287354,-71.84250641,4092.278076,-822.0115356,-52.68906021,4029.252441,-796.8790894,-88.3791275,4082.778809,-847.9394531,-526.2305908,3900.431152,-859.8301392,-487.190033,3798.462158,-949.706604,-270.2249451,3786.326172,-924.7168579,-76.07164764,3798.877197,-843.7133789,-69.59706879,3828.783447,-897.7756348,-0.288307667,3840.69043,-835.3326416,-63.0852356,3820.649658,-835.0802002,-115.3497314,4032.085449,-885.5561523,203.1495514,4120.38623,-1126.861328,412.3525085,4130.673828,-1135.124756,564.1913452,4093.850098,-857.1253052,-104.3844376,3889.372559,-754.5866699,208.4710388,3945.528564,-748.7531128,517.1096802,4040.225586,-646.8063965,618.7329712,4041.341309,-826.0316162,-624.5404663,3917.618164,-696.4024048,-645.1160278,3889.63623,-714.0444336,-667.5866089,3926.636475,-793.190979,-649.8494263,3994.686279,-722.1090698,-679.5916138,3885.435547,-828.7337646,-698.7316895,3869.993896
-809.0447388,-114.1578522,3951.273682,-806.9080811,-260.560791,3939.716797,-807.9710083,-377.6874695,3931.512451,-812.2644043,-555.8575439,3917.995605,-800.4569702,-528.8535156,3945.557373,-747.1466064,-498.2975159,4045.928955,-729.6610107,-294.9499512,4146.431641,-657.8968506,-118.1707077,4138.785645,-722.8098145,-82.67749786,4110.30957,-795.6268311,-62.00684738,4063.57959,-758.9155884,-92.08232117,4106.267578,-824.175354,-524.0084839,3895.723877,-846.9312744,-483.2140503,3798.052246,-928.3703003,-266.5703735,3785.138672,-900.9337158,-75.55128479,3797.274658,-823.3099976,-62.45376587,3830.268799,-878.9614868,4.32271862,3839.718018,-815.5307617,-54.06646729,3820.962646,-782.7115479,-119.3077087,4021.380371,-811.5247803,194.5273438,4117.814941,-1049.721191,398.6280212,4146.366211,-1062.463135,548.932312,4114.230957,-832.7904663,-109.5140076,3888.055176,-747.3693237,203.7963562,3942.170654,-748.8487549,507.6812439,4036.827148,-660.4450684,617.7659302,4051.014404,-803.8865356,-621.8667603,3908.244873,-676.4737549,-650.767334,3887.484131,-696.8375244,-670.4857788,3923.813232,-776.6036987,-645.9135742,3986.469727,-703.6437378,-683.3002319,3883.289551,-808.9086914,-696.3781738,3863.721436
-779.7923584,-114.9853287,3931.076172,-785.3882446,-260.9565735,3924.718506,-791.671814,-377.6326904,3921.368164,-792.7637329,-555.0751953,3908.19751,-777.170105,-527.7920532,3933.221924,-707.0558472,-497.6836853,4022.126221,-683.9179688,-300.5378723,4131.180176,-629.0422363,-118.8882599,4119.956055,-700.734375,-87.92450714,4108.565918,-782.9852295,-71.09218597,4080.38623,-735.9992676,-94.66384888,4113.163086,-809.3410645,-523.7915649,3888.600586,-852.6420288,-480.4450378,3799.925781,-920.3397217,-260.4311829,3783.654541,-895.5395508,-69.61520386,3789.015625,-820.361084,-53.53892517,3825.213867,-873.8720703,12.98275566,3842.203857,-812.6333008,-45.40158463,3818.058594,-728.2374878,-119.3104172,3985.002197,-681.7880859,205.2952576,3996.234131,-859.0449219,416.5875854,4145.430664,-830.262085,567.402832,4146.03125,-826.2816772,-111.0852127,3882.448975,-747.6390991,203.6480255,3929.131836,-771.4559326,498.0395813,4043.891846,-699.6018066,619.3683472,4035.42749,-784.2434082,-620.5133057,3896.911865,-659.045166,-650.588562,3869.255127,-675.2004395,-663.8243408,3910.098633,-749.1497803,-629.9187622,3974.727539,-685.3192749,-683.6037598,3873.457764,-791.0095825,-701.418335,3866.901611
-762.4174194,-116.0883789,3921.531494,-770.8201904,-260.8778687,3917.333252,-781.4611816,-376.362854,3919.557617,-777.5220947,-552.2960205,3905.132813,-759.4388428,-524.6880493,3927.48999,-679.7140503,-494.9144592,4006.69873,-649.3972778,-276.0409241,4047.747559,-613.4550781,-153.08078,3909.291748,-684.6635742,-125.0057526,3892.736084,-771.309021,-113.8417892,3883.218994,-662.9741821,-96.11135101,3983.198975,-798.0535278,-521.8936157,3888.804199,-848.8942871,-478.214386,3805.457275,-919.392395,-261.0101929,3788.387451,-900.6691284,-71.007164,3794.376709,-823.125061,-53.8250885,3822.692139,-871.3683472,17.61248779,3817.165527,-814.8574829,-49.52663803,3813.918945,-701.9854126,-120.8340378,3964.247314,-643.5427856,196.6199799,4006.824463,-795.2966309,443.2513733,4120.681152,-755.1800537,589.4309082,4105.333984,-816.9116211,-111.8089981,3883.012695,-742.7631836,202.4438782,3922.057129,-773.22229,487.01651,4052.280029,-719.5696411,616.3803101,4046.248047,-768.3338623,-616.793335,3892.125244,-642.7667236,-646.9038696,3872.003418,-661.3528442,-660.5683594,3911.246338,-738.4330444,-627.5026245,3971.205811,-669.1986084,-679.5800171,3874.029785,-773.5480957,-696.5724487,3860.73291
-749.0010986,-116.3623886,3932.696289,-754.3294678,-261.5367432,3924.672119,-762.2671509,-377.5316162,3921.300293,-754.3164063,-553.7147217,3905.66748,-737.8540649,-525.9041138,3929.19165,-649.6594849,-493.2214966,3998.072754,-602.9196167,-274.7064819,4027.313721,-609.9074097,-118.2602921,3921.23291,-672.8187256,-94.71079254,3880.559082,-754.5411377,-73.21154022,3855.56958,-675.7728882,-34.10182571,3914.971436,-774.6154175,-523.4645996,3888.51416,-824.0205688,-483.3166809,3802.202148,-900.7720337,-267.6174316,3784.556396,-887.7069092,-76.6445694,3791.45166,-810.8766479,-62.08542633,3823.614746,-867.4144897,3.53396678,3823.741699,-803.0026855,-54.36180496,3813.054443,-701.7529907,-121.2587585,3989.907959,-611.7088013,180.5435181,4075.917725,-727.0430908,470.2282104,4064.319092,-659.2853394,606.9103394,4056.055176,-791.6068115,-111.947113,3881.106201,-720.0541382,203.4747009,3922.94165,-767.8309326,491.7272034,4041.434814,-713.2603149,621.1072388,4047.859131,-743.257019,-618.0946045,3892.598633,-616.1987915,-637.3803711,3866.964111,-632.0194092,-653.1325684,3906.77832,-709.2859497,-627.3814697,3970.459229,-639.7897949,-672.2716064,3869.477539,-743.1083984,-697.8095093,3859.986084
-725.2770996,-113.722641,3935.188232,-731.6322632,-258.3479309,3924.278809,-735.7563477,-373.9412537,3914.726074,-729.1196899,-549.9332275,3900.80249,-709.8452759,-521.7818604,3921.462402,-608.96698,-484.9015808,3966.128662,-573.9526978,-262.7864075,3968.446777,-601.0859985,-89.40471649,3898.994629,-672.3881226,-58.15497971,3890.089111,-749.1688843,-24.37787819,3863.723633,-686.456604,-28.7443924,3919.542236,-751.6220093,-520.0718384,3886.0979,-808.2012329,-478.8501587,3805.155029,-896.1255493,-267.4938049,3795.369629,-868.4824829,-78.44585419,3800.399902,-787.4883423,-80.09378815,3823.965088,-854.7034302,-29.72096252,3844.321289,-780.1090088,-96.64196014,3831.25708,-676.6934204,-120.0607376,3990.90918,-588.9758911,182.4024963,4074.252686,-695.4383545,473.8901367,4099.334473,-618.9407959,602.8337402,4071.746338,-769.0872192,-108.0072937,3884.942383,-696.8375854,207.0504303,3922.556641,-750.4717407,494.2857056,4039.166016,-679.9332886,615.4595337,4042.81665,-719.6099243,-614.3322144,3887.35498,-594.8536377,-643.0427856,3860.720703,-611.149292,-656.6641846,3901.012207,-685.3721924,-624.1116333,3964.832764,-620.7349243,-676.0473022,3864.37207,-725.4793701,-694.4364624,3856.785645
-700.1556396,-112.1554565,3942.232178,-701.6235352,-256.5427551,3923.298096,-701.9389038,-371.8721924,3907.368896,-708.1976318,-548.7098999,3897.546631,-684.7122803,-521.4075317,3914.977783,-581.2668457,-494.6983643,3961.907227,-561.8847656,-270.2313232,3950.808105,-571.7321167,-84.23967743,3916.822266,-636.7796021,-40.22816849,3913.62207,-704.4227295,10.34301567,3888.188721,-664.5230713,-37.85715103,3920.248047,-730.484375,-517.6253052,3884.839844,-801.7025146,-478.6400146,3814.609619,-889.8417969,-266.9179077,3799.342285,-862.6656494,-77.16286469,3802.894775,-781.350708,-75.65205383,3826.312988,-861.3953247,-42.79383469,3820.852295,-772.8320923,-74.06796265,3821.782227,-649.4473877,-119.74617,3996.186035,-570.9682007,192.6166992,4051.520264,-643.6022339,481.6841736,4144.804199,-574.7201538,617.7521973,4133.567383,-745.8814087,-105.310585,3893.579834,-689.7092896,214.5384521,3926.791504,-744.2542725,500.6630554,4048.273926,-690.1323853,630.5084229,4050.864258,-704.4865112,-614.0501709,3884.773926,-581.12323,-649.8860474,3858.267822,-598.3591309,-662.7872925,3898.566895,-671.0114746,-626.2144775,3962.54126,-608.9629517,-681.4597168,3861.683594,-714.9000854,-693.7776489,3853.674316
-682.0039063,-117.6873856,3947.515625,-684.6513672,-261.1089783,3925.188232,-686.2485352,-375.6863403,3906.772217,-691.7047729,-551.3901367,3889.205078,-667.4911499,-524.7533569,3906.379639,-561.1906738,-499.3330994,3946.195313,-545.1486206,-275.0537415,3943.651611,-531.3074951,-86.83761597,3941.885742,-583.8018188,-52.58456802,3988.904297,-624.3255005,11.16692638,3943.907959,-622.77771,-44.1667366,3927.595215,-714.8905029,-520.0911255,3879.355225,-793.5317993,-480.2994385,3818.658936,-883.7774048,-269.7006531,3819.200928,-789.520874,-103.4897385,3823.34375,-712.1959839,-135.4859924,3834.06665,-783.9061279,-87.73495483,3840.918213,-711.1192627,-155.51828,3841.037842,-627.0769653,-126.3488388,3996.640137,-543.4111328,186.9668579,4027.539307,-582.0285034,480.8288879,4122.825195,-505.5792236,611.4804688,4104.813477,-731.5339355,-109.8769684,3903.218018,-672.9487305,209.9358978,3916.657715,-724.1350708,490.7252808,4048.993652,-690.9584351,626.7060547,4040.047119,-688.2817993,-615.8300171,3873.263184,-567.3948364,-657.1745605,3845.436523,-585.1386108,-670.22052,3885.303955,-655.4249268,-631.8024902,3950.306641,-596.7446289,-687.2415771,3848.079834,-702.8626709,-693.7767944,3840.139893
-673.8039551,-118.7037735,3946.654785,-675.4998169,-263.1599426,3924.067139,-675.5135498,-378.4152832,3904.546143,-678.4165039,-555.2427368,3884.897461,-654.2197876,-528.2182617,3902.161377,-546.1559448,-504.1170654,3940.484863,-519.9494629,-279.2337646,3934.282471,-497.7135925,-90.51026154,3929.266602,-537.0153198,-60.07342529,3990.565674,-579.9058838,4.732158184,3948.094971,-587.8470459,-57.56949615,3921.748291,-702.4108276,-523.9907837,3875.666504,-785.6011963,-485.5459595,3818.928955,-883.8776855,-277.0385132,3830.04126,-786.7529297,-110.8669662,3833.300537,-708.7559814,-144.2752533,3828.67749,-778.1078491,-96.68347168,3851.105713,-706.456543,-163.8063049,3832.86084,-618.4247437,-127.090004,3996.129639,-528.8449097,188.0140076,4014.679443,-543.0315552,488.3733215,4103.635254,-466.7721252,619.3204956,4078.879395,-723.7418823,-111.1415405,3902.041016,-668.9718628,211.6925354,3916.393799,-720.6303101,495.822876,4046.820557,-688.8711548,633.4741211,4046.581787,-674.154541,-619.8983154,3868.048828,-556.0276489,-670.0326538,3838.42334,-574.8100586,-682.8861694,3878.25415,-642.3021851,-640.7023926,3945.044922,-587.8444214,-697.9995117,3840.33374,-694.9279175,-696.0534058,3832.533691
-663.2250977,-119.4018784,3944.537109,-664.2599487,-265.4945068,3921.691162,-663.6152344,-382.0263672,3901.81665,-666.1821899,-560.8241577,3881.666748,-641.5251465,-533.4284058,3898.75415,-532.4578857,-512.715332,3940.158203,-493.3023682,-287.0408936,3940.63623,-458.7247925,-97.94364929,3942.412354,-494.1629333,-67.65142059,4007.193115,-519.8682251,-8.796140671,3944.77124,-546.4316406,-56.38853836,3935.361572,-690.7290039,-529.3001099,3872.807617,-778.3595581,-490.4217834,3820.933105,-879.4976807,-281.1064148,3841.532227,-789.7505493,-108.3700027,3843.917969,-711.9393311,-136.4009247,3820.580566,-778.1228638,-95.18343353,3861.453369,-706.1560059,-144.0904541,3816.265381,-607.1144409,-127.6120071,3994.496582,-505.7107849,188.3177338,3997.503662,-490.4245911,496.2189331,4071.838379,-417.3114319,628.5004883,4036.246338,-713.8226318,-111.9984436,3899.486572,-663.8425293,215.1462402,3918.055176,-715.8786621,502.6323242,4049.710693,-675.1968994,639.5636597,4051.815918,-661.9057007,-626.1611328,3864.435059,-546.9002075,-682.9577637,3828.563721,-563.5361938,-693.5664673,3870.55127,-625.1952515,-645.4779053,3940.739746,-579.9460449,-709.7689209,3833.861328,-688.3643188,-703.5697632,3833.283691
-633.9283447,-120.5616837,3935.139893,-634.0581665,-266.6491699,3913.153809,-637.0801392,-383.9725952,3899.928711,-644.8531494,-563.0531006,3886.140625,-618.4746704,-535.7271729,3900.452881,-509.4518127,-518.9639893,3943.413574,-445.8257751,-299.1593323,3944.577393,-400.1096497,-112.8147507,3936.045654,-428.3527222,-54.02228928,3981.913086,-460.2156677,-31.14857483,3901.491455,-472.9652405,-45.09180069,3895.004639,-669.2878418,-531.2972412,3878.006592,-761.6963501,-495.1127625,3833.166992,-866.9538574,-287.1549988,3839.349121,-819.1744385,-99.18627167,3824.797607,-733.9420776,-109.2033081,3827.281738,-775.1877441,-41.84296036,3865.966797,-726.1760864,-108.6417389,3821.981934,-571.0808716,-126.8441849,3976.513184,-472.4760132,189.4124298,3964.056396,-427.7576599,499.4335327,4011.601807,-364.1867981,636.9786987,3978.353516,-690.600708,-114.8964767,3897.831787,-668.6238403,214.9532776,3917.223877,-700.7348633,505.0183411,4048.857178,-654.9839478,640.1135254,4043.623535,-643.2151489,-628.9360352,3870.899658,-533.3649292,-682.5095215,3818.284668,-546.3844604,-697.7631226,3860.070557,-600.2861328,-657.5373535,3940.671143,-566.3847656,-709.3137817,3823.450928,-674.1394043,-701.7299805,3833.578369
-608.3414307,-121.7338257,3929.435303,-613.3201904,-270.9535217,3908.41748,-620.1418457,-390.7240295,3896.682861,-628.5928345,-573.9747314,3893.082031,-602.3303223,-545.3666382,3907.496826,-501.4797363,-525.6481323,3971.026367,-443.9668884,-320.5096436,4066.69751,-411.3892517,-127.6496811,4079.565918,-383.1757813,-66.26324463,4034.197266,-399.740509,-42.02229691,3947.726563,-407.943634,-79.97478485,3969.09082,-652.7926025,-542.0231934,3881.477051,-745.4071655,-505.3882141,3832.150391,-853.9576416,-294.1766357,3847.389893,-835.0462036,-96.87529755,3836.651611,-750.4224854,-75.73623657,3845.002197,-783.0128784,-7.709950447,3893.656982,-739.5192871,-80.90416718,3845.534912,-541.1425171,-129.1837311,3966.408691,-442.0643311,193.6224518,3945.227295,-386.8602905,509.8960266,3983.610596,-310.8918762,609.3661499,3886.650879,-668.9376831,-115.0159302,3896.094482,-655.6552124,221.7119598,3921.796631,-685.5628052,514.7342529,4063.233398,-630.7349243,647.4215698,4038.599121,-626.5380859,-642.0300293,3881.672852,-528.7318115,-683.6062622,3797.129639,-536.8045654,-710.1152954,3835.466309,-575.2669067,-691.9875488,3933.80542,-563.4788208,-709.9655151,3800.240234,-669.6273193,-701.1040649,3830.487305
-587.2556763,-112.3192444,3918.048828,-591.5438843,-264.3293152,3902.425781,-596.3265991,-386.1372375,3893.710938,-606.2861938,-571.8122559,3899.483398,-578.3832397,-542.4248047,3910.518066,-464.3061829,-526.3911743,3952.155029,-410.2961426,-323.8086853,4062.213379,-374.4217834,-130.6244812,4032.372559,-348.7651978,-61.86904144,4070.087891,-381.3433228,22.2112751,4091.108398,-379.3544617,-50.00293732,3948.273926,-631.5018921,-539.7558594,3888.236084,-727.508728,-510.1373291,3837.207031,-843.4090576,-299.3953857,3856.341553,-830.3829346,-99.061203,3842.183838,-747.9638062,-67.28689575,3851.681152,-808.9939575,-16.6528492,3896.33667,-737.8320313,-68.08988953,3850.252441,-513.7379761,-117.0675278,3944.069824,-428.5623779,214.9705963,3931.04541,-358.6723633,535.1875,3938.357422,-289.4831238,626.2973633,3825.750244,-653.5498047,-108.0375061,3894.584473,-651.0755615,233.630188,3920.617676,-678.0982666,523.8095093,4078.147949,-624.7862549,656.8444824,4042.476074,-605.567627,-641.2919922,3891.033936,-516.9727783,-684.8342896,3795.046631,-521.4707642,-711.7666626,3834.476074,-549.2163696,-693.2049561,3937.84668,-552.1731567,-710.9084473,3801.861328,-655.7055664,-700.0667114,3843.904785
-569.2989502,-111.3230362,3912.181152,-572.5863037,-263.6373901,3897.710449,-576.0604858,-385.6081543,3888.809814,-585.1049194,-571.4024048,3897.809082,-556.7402344,-541.7518311,3906.977051,-440.0473938,-517.8070068,3936.063477,-384.7702026,-318.4551697,4051.794434,-348.4387512,-129.6917725,4000.500732,-329.1180115,-60.03864288,4040.473389,-335.9026184,21.51388741,4083.997314,-365.4573364,-36.42782211,3928.337891,-610.9979858,-539.5460205,3887.391113,-709.1473389,-507.0478821,3842.263916,-819.5174561,-294.0349121,3870.200439,-823.7727051,-97.098526,3827.902588,-752.4454346,-58.5582428,3791.340332,-799.7478027,-17.33772087,3857.39917,-710.1131592,-76.97805023,3832.392822,-494.749176,-115.1505966,3935.533447,-412.455719,217.6300354,3915.232422,-345.3820801,538.8924561,3915.36377,-291.3877258,626.5483398,3791.973877,-636.5237427,-107.8715591,3891.123291,-640.8573608,234.1079712,3917.671875,-680.105835,520.6641846,4079.94165,-626.8920288,652.2991943,4038.704834,-584.5894165,-641.0721436,3890.342041,-506.2631226,-673.6107788,3781.688232,-505.8770142,-704.0206909,3818.84082,-522.3912354,-695.3057861,3925.969727,-540.041626,-701.1932983,3789.923584,-638.5853271,-696.9772339,3843.800293
-557.4399414,-111.1015701,3903.429688,-560.427002,-262.8467712,3889.4375,-563.8141479,-384.3895264,3881.46582,-570.8770752,-569.5374146,3890.035645,-542.6481323,-539.7772827,3898.461426,-424.8737793,-516.9346924,3921.329834,-361.9709778,-319.6603394,4034.749512,-328.1219482,-133.0131836,3977.468994,-309.9914856,-61.62617493,4014.114746,-355.4247437,13.8482151,4041.708984,-347.5587769,-51.94628143,3896.587891,-597.2389526,-538.0148926,3880.509277,-696.7369995,-506.3542786,3839.022461,-812.1548462,-298.7207031,3876.889404,-812.2267456,-102.8671112,3833.235352,-734.9005737,-101.1389618,3790.064453,-751.5792847,-29.02969742,3842.558594,-694.8592529,-97.66159821,3826.694092,-483.0559692,-114.6738739,3926.291504,-401.7409668,216.3862915,3898.63501,-340.9930725,537.5368652,3902.27417,-285.1307068,631.2227173,3785.148438,-624.5151978,-107.8802643,3882.814453,-634.8325195,232.4028625,3911.573975,-675.6713257,516.9825439,4074.200684,-632.9285889,652.4636841,4035.446533,-569.9438477,-638.894104,3882.345215,-509.8016357,-662.2189941,3761.162598,-502.2576904,-694.3305054,3795.782959,-501.1466675,-691.9014893,3904.055908,-540.6513672,-691.5255127,3773.127686,-628.6716919,-694.409729,3842.219971
-536.9624023,-112.6835175,3895.09375,-541.1165771,-265.156189,3882.842285,-544.7965698,-387.1483765,3874.500488,-550.5407715,-572.9718018,3885.0896,-521.9664917,-542.8916016,3891.880615,-403.5925598,-514.916748,3907.329346,-339.5896301,-309.3910828,4006.536865,-313.4819641,-123.2717361,3941.322998,-293.8049011,-49.72821426,3973.34668,-336.8696594,23.33025551,4010.727783,-330.0517578,-32.79776382,3867.514404,-577.6000366,-541.5320435,3876.558105,-678.1264648,-510.2683411,3836.055908,-785.0264893,-301.1108093,3892.186523,-773.9508667,-107.5133362,3837.592041,-701.0413208,-114.4225159,3787.147461,-704.8087158,-36.74794006,3834.594971,-661.3040161,-112.6176529,3811.92334,-461.0613708,-116.2392502,3913.609375,-383.1483154,216.0362244,3875.837646,-335.3962097,540.2768555,3892.422852,-287.9221497,640.9547119,3776.538574,-605.4057007,-109.4771652,3878.397217,-622.4589844,232.1912689,3903.344238,-673.4000854,517.276001,4064.888428,-631.7306519,653.6311035,4025.816895,-549.6411743,-642.6650391,3877.949463,-501.8475037,-668.048645,3751.193604,-491.5679321,-700.2229614,3785.30957,-479.8431702,-697.1466675,3893.365479,-532.0787354,-696.7593384,3766.391602,-613.3251953,-697.4294434,3844.028076
-507.4507141,-115.4138184,3889.012207,-512.0164795,-266.4036255,3873.698486,-516.6436157,-387.4046631,3865.26001,-529.0271606,-571.2952271,3878.310547,-499.8310852,-542.3422852,3885.3396,-381.3872986,-522.7409668,3905.039795,-323.1004028,-310.5509949,3988.039063,-278.6867065,-128.7819366,3925.185791,-264.1860352,-49.30214691,3938.918457,-301.6019287,22.07718849,3983.209717,-309.5621338,-35.90599442,3859.666992,-554.5511475,-539.3277588,3868.700928,-654.3595581,-511.3440247,3826.48877,-759.2677612,-315.0789185,3915.35791,-737.5180054,-125.2165604,3856.748779,-682.1547852,-140.7191772,3789.812256,-626.6491089,-69.37769318,3789.80542,-642.9408569,-139.2741699,3797.034668,-432.3225708,-119.610054,3907.986572,-356.0929565,207.183548,3849.025635,-329.4513855,526.2678223,3908.168945,-299.9396667,626.8876953,3788.066895,-575.1970215,-111.6298828,3871.901855,-611.4022827,226.4811707,3886.105469,-664.4836426,496.8142395,4066.014404,-635.6101074,632.9404297,4019.605713,-530.3659668,-640.5387573,3872.262451,-494.4282227,-667.1241455,3743.019531,-481.8405762,-699.0422363,3776.063721,-460.9107666,-695.6463623,3881.849609,-523.453125,-695.0419922,3760.821777,-597.0892944,-694.0042114,3844.548828
-489.1721497,-119.9847717,3881.159912,-492.8000183,-273.3996887,3865.156738,-496.4430237,-396.3438416,3855.881104,-505.3951721,-583.3631592,3869.911865,-475.914917,-553.4545288,3875.678467,-355.7238159,-529.8742676,3892.477783,-302.6302795,-309.2038879,3967.317871,-260.5380859,-121.9811554,3908.920898,-233.2836761,-43.45960236,3914.075195,-282.093689,29.86883354,3945.269775,-286.2362671,-25.35578537,3835.422607,-532.2669067,-551.3186035,3861.286621,-636.5958252,-521.7104492,3827.02002,-745.3666992,-320.1245422,3909.657227,-721.4569092,-125.6676941,3856.04541,-670.4054565,-140.3006897,3783.798828,-608.2418823,-73.29180145,3774.712891,-622.1253052,-136.6423645,3793.802246,-412.0326843,-123.4768372,3897.149414,-348.1571045,212.9913025,3846.378174,-323.5726013,538.3743286,3901.177979,-300.2635193,653.1310425,3789.210205,-558.7322388,-116.8358078,3866.741699,-606.0852051,225.7182922,3871.751221,-656.7461548,492.2816162,4067.134277,-640.9389648,636.1055298,4031.292969,-505.8930054,-653.7514648,3863.915039,-488.1541748,-679.524292,3728.514404,-471.2257996,-712.4907227,3759.656006,-435.2922058,-710.56073,3863.217773,-515.1946411,-707.8192139,3750.199219,-577.5519409,-707.0616455,3844.804932
-473.3127441,-118.5492477,3868.681152,-476.6193237,-271.1381226,3852.811523,-480.3858032,-393.5839539,3846.35376,-486.2287292,-579.7105713,3860.21167,-457.3345337,-549.5101318,3865.720947,-338.0870972,-522.5610352,3878.815918,-282.8603516,-301.5583191,3946.647705,-243.40448,-120.3568726,3873.126465,-232.2289581,-38.36291885,3869.724854,-262.5823975,22.35620499,3933.201904,-272.9882507,-15.04850388,3826.938477,-513.5269775,-548.2605591,3851.893799,-618.9013062,-523.1442261,3819.337891,-724.3546143,-321.6509705,3902.591797,-709.7789917,-123.3592148,3866.843506,-669.2836304,-129.1769562,3787.605469,-612.5921631,-57.55277634,3786.499512,-619.0587158,-136.2705383,3793.747314,-396.1517029,-121.6443863,3882.364014,-333.2751465,214.1678925,3839.471191,-322.8997803,537.6574707,3898.935303,-305.1172791,656.1771851,3791.231445,-542.8922119,-115.7582245,3856.342773,-583.6826172,225.7527313,3860.148438,-637.4779053,490.4608154,4054.094727,-630.5602417,636.4786987,4029.422363,-485.6694336,-649.7088623,3854.187012,-487.6077881,-678.0904541,3718.937256,-468.9432983,-711.5274048,3748.113281,-419.8800659,-710.6911621,3845.484619,-513.1479492,-704.1420288,3744.417236,-562.0353394,-698.1738281,3845.7771
-456.8027954,-116.7918167,3857.507324,-460.8548889,-270.9653931,3843.344482,-464.8574524,-394.6014709,3838.01416,-470.6368408,-582.5865479,3850.245117,-441.2374878,-552.2120972,3855.103271,-320.1485596,-526.6505737,3864.294922,-261.33078,-301.6333618,3923.095947,-226.5335236,-117.4702759,3849.519775,-209.3832855,-35.71104431,3846.510986,-228.1916199,7.986701965,3927.35498,-255.9314423,-15.9499054,3801.209473,-498.4016418,-550.7132568,3843.144775,-604.5654907,-522.3740845,3812.162354,-708.6357422,-317.4241638,3895.306152,-706.9366455,-115.3830566,3867.925049,-673.1481323,-103.4423828,3785.361084,-621.8213501,-27.2246151,3792.953613,-622.7936401,-97.2651062,3786.420898,-378.3127136,-119.7556458,3867.314453,-330.1125183,223.2003784,3838.360107,-313.4988708,551.2453613,3887.602295,-286.4878845,665.5170898,3775.080322,-527.5807495,-114.119194,3848.663818,-574.1192627,229.9073334,3847.914063,-628.1445923,495.2545776,4046.205566,-617.9677734,644.1031494,4034.832031,-470.4243469,-653.1697388,3843.414551,-465.5986633,-681.401062,3706.890625,-444.7473755,-713.4396973,3736.88623,-398.5619812,-708.5308228,3836.656982,-489.7134399,-709.9754639,3731.775146,-542.5356445,-708.7254639,3832.498291
-444.8572388,-115.0667725,3849.324219,-448.3212891,-271.0065308,3835.625977,-451.5658875,-395.9448547,3828.615234,-458.4929199,-585.5425415,3846.264893,-428.3760986,-554.9793701,3849.336182,-304.8197021,-533.9835815,3855.159912,-243.8054962,-306.3690796,3912.528809,-205.3886414,-126.8713913,3824.543213,-200.0226746,-42.59897614,3827.953125,-189.9264526,-28.63862038,3921.209229,-238.9420166,-17.2948246,3805.527588,-486.5353699,-553.2730713,3839.184814,-593.9932861,-522.1986084,3810.739746,-694.0776367,-313.223053,3896.654785,-700.2442017,-109.4217758,3866.33252,-670.8762207,-71.31551361,3789.094971,-649.1929932,15.8344059,3814.073486,-631.2694092,-51.117939,3791.183594,-365.4274292,-117.6571045,3858.72583,-319.4612122,229.5919037,3831.226074,-312.8659058,559.2593384,3894.703369,-284.2270203,669.6813354,3776.29541,-516.482605,-112.7309647,3840.846436,-559.7261963,235.5443726,3845.280029,-608.3380127,506.313385,4043.92334,-600.8596802,655.5147095,4020.113525,-459.082428,-657.059021,3841.272461,-456.8195801,-685.5903931,3703.177734,-439.1587219,-720.0125732,3733.449707,-392.4041443,-720.0239258,3834.411133,-484.0272522,-711.9494019,3728.213867,-537.236084,-705.5916138,3829.955566
-432.3856506,-113.3778915,3839.706299,-435.8668213,-269.1638794,3826.289551,-438.9577026,-394.0600891,3821.267334,-445.1432495,-583.8664551,3833.914551,-414.9115295,-553.4222412,3836.27417,-291.7893372,-530.0507813,3836.39917,-221.3460541,-305.7601318,3894.88623,-183.6296234,-129.3499603,3801.078369,-184.7989197,-50.3053894,3830.687256,-183.9955139,-27.35017967,3922.587402,-239.9449921,-29.0510807,3802.749268,-473.4505615,-551.4605103,3829.210205,-583.0768433,-521.7090454,3809.493408,-677.2511597,-309.8062134,3894.106201,-700.3097534,-105.926857,3876.8479,-667.8496094,-62.56159973,3803.859619,-657.161499,24.22595787,3835.8479,-622.7434082,-46.53543472,3810.480713,-352.5878296,-115.5205231,3843.880127,-318.8077087,233.5960693,3831.702393,-311.4847107,562.9644165,3894.641113,-296.6417847,666.6069336,3768.109131,-504.342865,-111.4457855,3835.942383,-547.2832031,236.4827728,3833.005859,-591.8070679,507.5747986,4031.511719,-581.34552,657.9158325,4020.546875,-446.0610657,-655.1342773,3826.963623,-443.5236206,-682.6240234,3688.825195,-426.2392578,-717.3585815,3718.866943,-379.89328,-718.4593506,3819.87207,-470.9787292,-708.9393311,3713.541748,-524.4362793,-702.9562378,3815.02832
-418.3875122,-111.6960983,3833.347168,-420.8565369,-267.8474731,3820.263184,-422.9354553,-392.9364929,3813.510254,-429.0308838,-583.0638428,3827.14502,-398.6434021,-552.5922241,3828.537598,-275.7116394,-528.2416992,3820.550537,-197.2366333,-306.152832,3879.24707,-169.5600586,-128.8774872,3782.717285,-177.4545288,-51.10896301,3815.039307,-182.7565155,-21.32114983,3905.006836,-229.7717133,-30.22402573,3787.64502,-457.4726563,-550.571167,3823.086914,-566.8812256,-519.2156982,3803.280518,-665.7843628,-312.2177734,3895.735352,-687.7218628,-108.1524506,3874.658691,-657.4610596,-76.19704437,3794.920654,-645.4252319,-6.700254917,3855.994629,-606.6279297,-51.80398941,3803.381348,-338.3325195,-113.1436996,3835.516602,-312.8319092,237.5598755,3830.256592,-306.7764282,568.9845581,3885.712646,-285.7419434,682.8722534,3768.79834,-490.5765991,-110.3907471,3831.390625,-529.1654053,238.1265106,3810.142578,-570.8389282,497.0964966,4025.876465,-571.3655396,648.4710083,4022.696533,-430.2389832,-654.5026855,3820.506836,-429.7604065,-676.5633545,3681.086914,-411.3076782,-712.2085571,3709.484375,-363.0143738,-716.4514771,3809.739014,-456.3640442,-704.3612061,3705.275146,-508.1564636,-703.2932739,3808.051025
-397.006958,-108.9840927,3831.657959,-402.2473145,-264.7616577,3813.645508,-406.698761,-389.83078,3805.149658,-413.0540161,-580.1746216,3818.796631,-382.5285339,-549.7489014,3819.64209,-258.7944336,-527.6430664,3816.916016,-188.3599396,-298.5331726,3857.090088,-159.0500488,-117.8564453,3767.05957,-171.2632599,-37.35583878,3790.348877,-160.1220856,15.89567566,3868.265625,-208.4620819,-13.88607883,3780.998535,-441.5131836,-547.5653687,3815.285156,-553.9780884,-522.4093628,3805.484619,-638.293396,-304.7782288,3888.249512,-684.4801025,-103.5998459,3896.172363,-661.7325439,-60.03579712,3819.365479,-657.2236938,7.635396004,3883.595703,-628.0470581,-38.03287506,3818.70166,-316.9408264,-112.0563736,3834.934326,-307.9783325,239.8494415,3828.217285,-314.5610352,572.0075684,3881.592041,-285.3338013,677.1501465,3758.155273,-469.2061157,-106.2136765,3828.703369,-503.921814,241.7990723,3791.576416,-550.1990356,493.2557373,4015.727539,-555.1673584,644.7012329,4011.442139,-414.5782166,-651.6899414,3812.130859,-428.0346985,-681.6973877,3674.688721,-409.4628296,-716.9171143,3703.634766,-352.7072449,-718.8259277,3799.581299,-454.1581116,-706.1471558,3702.799072,-496.4160156,-695.5378418,3809.473877
-389.5031738,-105.2315292,3826.877686,-395.210144,-261.2280579,3809.041748,-400.0848389,-386.4858093,3801.050781,-403.6678467,-577.1260376,3815.19873,-373.5308228,-546.2276611,3815.791016,-250.1252289,-523.2120361,3806.271973,-174.4894104,-295.9357605,3849.305908,-148.151825,-116.269455,3755.773438,-157.7451477,-35.33241272,3779.195557,-139.0345917,29.82172394,3845.981201,-196.244812,-11.98043633,3789.970947,-432.6456604,-544.8873291,3811.776855,-545.6088257,-522.3619995,3799.710938,-626.9000854,-309.9253845,3898.462402,-648.4329834,-105.2267532,3877.975098,-642.1185913,-70.02433777,3793.962402,-641.2410889,-4.285663605,3860.49585,-580.3971558,-53.0036087,3791.846924,-309.3575439,-108.5866699,3830.578125,-303.8635864,243.8312225,3822.083496,-317.4574585,574.0744019,3887.537598,-292.4524536,680.6060181,3764.064697,-461.7740173,-102.2060623,3823.540771,-501.5917358,245.816864,3787.100342,-542.9806519,499.6443176,4010.235352,-548.09729,650.8189697,3997.530029,-404.219696,-648.769043,3808.700439,-419.3876343,-675.9997559,3670.661621,-399.953064,-711.6598511,3698.598389,-341.6805725,-714.9646606,3793.770752,-444.8389893,-701.3951416,3698.650146,-485.683197,-693.5848999,3806.282471
-380.6176147,-107.2193832,3822.108154,-386.8208313,-263.1506042,3804.983398,-392.0218811,-388.1657715,3795.17749,-395.5919189,-578.6099854,3809.89917,-365.4292297,-547.7791748,3809.810059,-243.0481873,-521.479187,3797.351074,-171.0900421,-292.3068542,3835.231201,-142.3904572,-111.5864105,3744.83252,-151.6624451,-36.88390732,3783.736816,-156.5395966,17.10744667,3861.853271,-173.800766,-4.803761959,3772.61377,-424.5628967,-546.3635864,3806.967529,-537.107605,-521.2328491,3797.25,-617.0159912,-307.6330566,3894.106934,-649.6049805,-103.7011566,3885.950684,-636.4649048,-66.54470825,3803.666748,-641.0112305,-7.729291916,3876.15918,-590.6008301,-46.55012894,3800.410889,-300.6001892,-110.9127579,3826.753418,-296.8755798,241.187027,3816.046143,-314.4407654,568.5928955,3892.502441,-289.6532593,664.4390869,3760.686523,-452.7728577,-103.8889084,3817.919678,-493.1091309,242.6112518,3771.590332,-528.786377,496.9007263,3994.771973,-524.0617676,644.3401489,3959.501953,-396.3737488,-650.2121582,3803.612305,-413.0168457,-679.1030273,3666.197998,-392.8349609,-714.2070313,3694.239502,-333.3416138,-715.8146362,3788.592773,-437.7935486,-704.4509888,3694.769531,-477.286438,-695.9204102,3802.752686
-372.8274841,-100.7972412,3821.083496,-378.2414246,-259.2332458,3802.931152,-382.7878723,-386.3668518,3793.500244,-386.1948242,-579.8539429,3809.493652,-355.5152283,-548.5628662,3808.291016,-230.7657928,-524.2473145,3794.387695,-164.2242432,-288.8048401,3829.403809,-140.0166321,-104.6022186,3737.124512,-140.7041626,-26.16477776,3772.681885,-156.611557,20.79053688,3855.639648,-172.528656,-6.376996517,3812.774414,-415.6773071,-547.0511475,3807.283691,-530.4640503,-521.7999268,3802.673096,-612.4274902,-302.2377625,3894.840088,-647.2711792,-96.2460022,3872.890625,-623.7949219,-82.51734161,3784.237305,-631.1119385,-16.13809204,3851.794922,-573.9661255,-63.03539276,3781.463867,-291.3991699,-103.9470062,3824.289063,-289.9058533,254.0428314,3817.573242,-301.4739075,589.6043091,3883.598633,-275.4695435,698.843689,3759.240234,-446.2549438,-97.95696259,3818.192871,-486.3147583,254.6432037,3773.509521,-506.1726074,530.0516357,3981.661133,-497.0682068,673.4802856,3925.891357,-387.283844,-652.6578369,3803.479248,-407.0751953,-671.8534546,3662.429688,-382.4915466,-707.7959595,3687.125488,-318.4028931,-711.9348755,3780.567139,-428.8108826,-702.0356445,3689.95874,-465.2246704,-705.9741821,3801.271973
-365.8430176,-97.70348358,3821.5625,-369.519165,-256.9292297,3801.136719,-372.4313354,-384.6485596,3788.561035,-371.7471008,-579.3070679,3805.5979,-341.5115051,-547.3137817,3802.696777,-216.9997253,-521.2967529,3783.354248,-157.4826508,-282.3632507,3818.425537,-140.254303,-89.93680573,3739.350098,-115.917366,-7.685139656,3726.954102,-156.3825531,23.05634117,3809.874512,-171.3427429,-0.11729449,3817.441895,-402.0444641,-546.8078613,3804.746826,-518.8513794,-527.6661987,3804.682373,-598.3924561,-304.4243469,3894.463379,-639.3262939,-98.58894348,3869.083984,-624.4111938,-71.05544281,3781.177979,-634.4723511,-1.159340143,3845.609863,-579.6495972,-47.36011505,3776.603516,-283.7988586,-99.49666595,3820.775146,-284.3556824,260.6471252,3809.574463,-295.9465942,593.7139282,3896.241699,-276.6408691,683.2824707,3754.696045,-439.8258362,-96.08650208,3822.272705,-463.9675598,258.7422791,3766.921387,-488.3642273,542.1495361,3967.351318,-480.7265625,669.9372559,3879.72583,-371.9086304,-652.6079102,3799.90625,-411.6403809,-663.5780029,3661.277344,-381.1833496,-699.4089966,3679.343506,-303.1644897,-705.1657104,3762.4021,-427.1128845,-697.3361206,3689.373047,-446.1854858,-711.7167969,3804.853027
-365.401123,-97.88542938,3821.061035,-369.0838013,-256.8545837,3800.751953,-372.0003357,-384.3526306,3788.125732,-371.0224915,-578.7084961,3804.848389,-340.8864136,-546.7259521,3801.916504,-216.7158661,-520.6064453,3781.961182,-157.3188934,-281.9284058,3816.00708,-140.8568268,-90.14877319,3736.124268,-116.2858734,-8.197307587,3723.226563,-155.4417877,24.9505043,3805.656006,-170.2533264,2.896737337,3811.827148,-401.3127747,-546.3013916,3804.128174,-517.9606323,-527.4233398,3804.624023,-597.6801758,-305.4836731,3896.258057,-639.8622437,-99.85630035,3874.434082,-622.6317749,-66.92597961,3789.008057,-636.8371582,-3.07612133,3858.498779,-582.5698853,-38.65428543,3787.005859,-283.4949341,-99.67691803,3820.231689,-283.6364746,259.8453979,3808.473145,-295.0681152,592.8329468,3893.152832,-273.4032593,679.6593628,3750.580078,-439.2595215,-96.26997375,3821.809082,-461.8655701,257.7669373,3764.686035,-486.6746826,542.1688843,3962.629395,-477.5916138,666.3760376,3870.565918,-371.1055908,-651.8782349,3799.05957,-410.5879517,-661.3198242,3660.499512,-379.8720093,-697.0557861,3678.07373,-301.9848022,-703.2192993,3760.963867,-425.7472839,-695.5339966,3688.080566,-444.7267456,-711.6136475,3803.149414
-363.4885254,-97.45632172,3817.328857,-363.541748,-255.1723785,3797.637451,-363.4146729,-381.6582031,3785.517334,-358.2854614,-574.5435181,3798.910645,-329.124939,-542.2338867,3795.365234,-207.7330933,-514.3152466,3768.83252,-146.5518799,-278.0767822,3801.368652,-136.5072632,-89.91560364,3716.570068,-117.7817764,-6.386898518,3722.19873,-188.153244,50.66939926,3754.746826,-167.9599304,-14.29706478,3788.928711,-388.9040527,-542.9766235,3799.882813,-504.578125,-524.3699951,3800.351563,-593.2075806,-307.0557861,3888.922119,-636.6664429,-103.8573532,3864.30835,-662.0353394,-48.18423843,3795.106934,-621.2850952,-2.632774353,3867.341309,-572.2730713,-53.06348801,3769.65918,-282.3429565,-97.01532745,3813.577637,-284.2178955,259.5597534,3806.207031,-294.1772156,586.703186,3901.385254,-278.3401489,681.5357666,3764.96167,-436.6610413,-97.85398102,3820.71167,-462.9632874,250.5437164,3751.017822,-464.9649353,548.0512085,3924.578613,-482.7327271,650.9537964,3811.996338,-357.2688904,-646.9818726,3791.999268,-405.2537231,-662.4975586,3658.019287,-369.6654358,-693.9522705,3673.205811,-286.309082,-690.0784302,3749.312744,-414.1445313,-697.5927124,3686.546875,-422.3717346,-714.2007446,3801.791992
-356.4256897,-101.0289154,3813.379639,-357.0880127,-257.6954041,3794.365234,-357.4889221,-383.2130127,3781.582275,-352.8921204,-574.628479,3796.503174,-323.8616028,-542.6651001,3792.561279,-203.8446045,-513.4354858,3765.495361,-145.8884277,-277.8356628,3795.339355,-136.3543091,-87.80622864,3718.573486,-107.2223053,-8.488394737,3729.332275,-180.4161682,50.75891876,3745.729736,-165.3379059,19.4503746,3761.396973,-383.1968079,-543.1868896,3797.351318,-498.2134705,-525.781311,3798.70166,-585.977417,-310.7931519,3888.795654,-631.4880371,-109.5913773,3864.012695,-618.9291992,-72.0459137,3781.281982,-625.8846436,5.062103271,3834.51001,-579.3694458,-40.39172745,3780.550537,-275.8791504,-100.85215,3809.117676,-283.4784851,253.1996307,3807.717529,-295.2155762,580.2084961,3894.160156,-284.1995239,669.262207,3754.836182,-429.058075,-101.1883087,3817.2229,-458.4563904,244.0515442,3745.894287,-440.997467,530.3921509,3932.097656,-457.5930176,635.9109497,3823.296143,-352.1289673,-646.6139526,3790.254639,-389.9039307,-654.0785522,3653.423828,-360.5203552,-689.9812622,3670.719238,-284.736145,-698.1905518,3752.970459,-405.7358398,-687.673645,3680.169678,-425.7791138,-704.0183716,3793.148193
-356.3255005,-101.0952835,3813.311523,-357.0080872,-257.7867126,3794.318115,-357.423645,-383.3251648,3781.564453,-352.818512,-574.760437,3796.577393,-323.7872925,-542.7967529,3792.576904,-203.8114929,-513.6158447,3765.193604,-145.6876526,-277.9447021,3794.425781,-136.348465,-88.10691833,3717.086426,-107.1059113,-8.75303936,3727.363525,-180.1038666,50.7644577,3743.734619,-165.109726,19.38996124,3759.495361,-383.1239014,-543.3118286,3797.454346,-498.1469421,-525.861084,3799.071533,-585.5263062,-310.8748474,3889.640137,-631.1020508,-109.5733643,3865.549805,-618.4849243,-71.43743896,3783.083984,-625.600647,5.411446095,3836.687744,-579.9993286,-39.01524734,3782.667725,-275.7692261,-100.9256363,3809.016846,-283.3707886,253.1759796,3807.563721,-295.0557556,580.2241821,3894.052002,-284.2257385,669.5333862,3754.848877,-428.9666443,-101.2482529,3817.184326,-458.191864,244.0069122,3745.610596,-440.6797791,530.6651611,3931.408691,-457.1522827,635.5158691,3821.914551,-352.0696411,-646.7593384,3790.363525,-389.958313,-655.0039673,3653.588135,-360.4827271,-690.7633667,3671.043213,-284.597229,-698.3986816,3753.277832,-405.7006531,-688.4977417,3680.524414,-425.6118164,-704.3041992,3793.619873
-346.1950684,-101.327774,3808.957031,-346.0769958,-255.7168274,3789.933105,-345.6012268,-379.4802856,3777.775635,-340.1053162,-568.5891113,3784.266113,-311.7506714,-536.8486938,3780.386475,-194.221283,-506.565155,3751.998047,-139.7499237,-274.6360779,3788.037598,-137.9388428,-83.27735901,3722.644775,-108.1157074,-5.124814987,3715.426025,-180.4275818,50.27633667,3739.473389,-169.1572113,22.46993065,3759.446045,-369.950592,-537.7645874,3787.803467,-483.6500244,-523.3706055,3791.531494,-570.0783081,-313.8039551,3885.800049,-615.3399048,-115.1104279,3865.50415,-604.0157471,-73.78734589,3785.901123,-611.6620483,3.769405127,3835.92749,-580.7431641,-36.60866547,3786.887939,-267.2979126,-100.0693512,3799.234131,-283.1212463,248.5739288,3805.751709,-293.7267151,571.6235962,3888.292969,-286.9855957,673.6988525,3760.946533,-417.3400879,-102.4625549,3817.724609,-451.8666992,237.6820374,3749.223389,-406.6536865,535.1300049,3901.278809,-437.4743958,628.7228394,3787.803467,-339.5353394,-639.2175903,3775.084961,-381.1278687,-669.2299194,3644.701172,-351.7956848,-701.4594116,3666.671387,-274.5628052,-696.2752686,3745.578613,-396.0292358,-697.1702881,3676.831055,-412.2626648,-693.7349854,3789.860352
-345.0133057,-100.9349365,3805.359375,-343.3416748,-254.6984558,3786.287109,-341.7873535,-377.8259888,3772.782227,-333.1735229,-566.0177612,3780.877441,-305.5354309,-534.0029297,3776.032227,-188.8017883,-506.0155334,3744.325684,-132.9871063,-276.2828369,3785.717285,-140.1268158,-88.14150238,3714.08252,-112.3053894,-9.271800995,3714.356689,-180.9558258,49.37480545,3739.95459,-167.5999298,22.73226547,3747.567871,-363.2918091,-535.7484741,3784.833496,-476.5698242,-523.3984985,3792.706299,-565.864563,-314.7911987,3883.89502,-617.8522949,-117.8705368,3872.358398,-605.8838501,-63.79459763,3801.35498,-624.9949341,-0.086322427,3865.272705,-581.9454346,-38.89477158,3800.715088,-266.428772,-98.8907547,3795.766602,-283.8896179,248.1092529,3809.323975,-294.0426331,569.0579224,3894.823975,-288.13797,663.800415,3762.674316,-415.8764648,-102.7782745,3814.009766,-451.9539185,236.6730347,3749.909668,-411.9278564,535.8910522,3896.958008,-444.8878174,631.3652954,3786.464355,-331.7115173,-636.4395752,3772.380371,-382.5834351,-669.2720337,3646.634277,-351.8052979,-700.8911133,3667.035889,-269.2902222,-693.9926758,3739.608887,-395.0036316,-696.3480835,3680.2771,-402.8291931,-690.3275757,3793.644043
-345.0133057,-100.9349365,3805.359375,-343.3416748,-254.6984558,3786.287109,-341.7873535,-377.8259888,3772.782227,-333.1735229,-566.0177612,3780.877441,-305.5354309,-534.0029297,3776.032227,-188.8017883,-506.0155334,3744.325684,-132.9871063,-276.2828369,3785.717285,-140.1268158,-88.14150238,3714.08252,-112.3053894,-9.271800995,3714.356689,-180.9558258,49.37480545,3739.95459,-167.5999298,22.73226547,3747.567871,-363.2918091,-535.7484741,3784.833496,-476.5698242,-523.3984985,3792.706299,-565.864563,-314.7911987,3883.89502,-617.8522949,-117.8705368,3872.358398,-605.8838501,-63.79459763,3801.35498,-624.9949341,-0.086322427,3865.272705,-581.9454346,-38.89477158,3800.715088,-266.428772,-98.8907547,3795.766602,-283.8896179,248.1092529,3809.323975,-294.0426331,569.0579224,3894.823975,-288.13797,663.800415,3762.674316,-415.8764648,-102.7782745,3814.009766,-451.9539185,236.6730347,3749.909668,-411.9278564,535.8910522,3896.958008,-444.8878174,631.3652954,3786.464355,-331.7115173,-636.4395752,3772.380371,-382.5834351,-669.2720337,3646.634277,-351.8052979,-700.8911133,3667.035889,-269.2902222,-693.9926758,3739.608887,-395.0036316,-696.3480835,3680.2771,-402.8291931,-690.3275757,3793.644043
-341.9559021,-102.6621323,3804.334961,-339.4620361,-257.057373,3783.53125,-337.281311,-380.7477112,3768.97583,-329.9108276,-570.0395508,3777.083008,-301.8513794,-538.0159302,3772.655273,-185.1113434,-502.0508728,3746.864746,-129.9106598,-268.3156128,3770.682861,-131.5339203,-76.91611481,3704.389893,-110.6108551,0.243611634,3730.484863,-183.5375671,59.28011322,3740.581055,-176.7941589,28.24869728,3742.163086,-360.0639343,-539.4187012,3780.633057,-473.7151794,-524.9857788,3788.797607,-562.1987915,-316.6360168,3884.882813,-615.7865601,-118.8444061,3875.751221,-607.0409546,-67.32180023,3801.804688,-614.9509277,13.78767204,3846.108887,-577.3012085,-31.0043354,3807.059082,-262.6496887,-100.455719,3797.466797,-282.8282471,248.2068329,3813.898438,-295.8364868,571.1051636,3898.853271,-288.2800598,668.3618774,3767.502197,-413.4697876,-104.6517563,3810.528076,-439.7344666,239.7431488,3758.739258,-417.3081665,547.6932373,3895.395996,-445.7646179,638.534668,3778.785645,-328.7499695,-640.8532715,3768.501221,-375.690033,-675.434021,3640.847656,-346.8120728,-707.7368164,3663.47876,-266.7953796,-701.7696533,3739.766357,-390.5782166,-701.2824707,3674.787109,-403.0253601,-691.888916,3788.146729
-340.588501,-101.1779022,3802.775635,-336.9846802,-253.955368,3779.487305,-333.691803,-376.6471558,3765.046631,-322.3725891,-564.2460327,3773.190186,-295.2364807,-531.8983765,3768.610352,-179.3889313,-496.2080078,3743.153564,-123.3409958,-264.7982178,3768.481934,-122.2034302,-77.80799103,3694.852783,-113.7294617,-6.33752346,3737.0625,-180.7818451,59.00238419,3736.286621,-177.5314789,14.44688797,3740.218506,-352.9015198,-534.5007935,3776.864502,-465.8835144,-523.7017822,3787.023193,-560.147522,-321.6697083,3886.122314,-624.0455933,-128.6255798,3894.361572,-615.5919189,-42.33692551,3870.836426,-629.2762451,14.66553688,3941.778076,-584.8365479,-38.36790466,3859.996582,-261.9810486,-98.20241547,3795.419922,-276.24646,247.8325958,3814.978027,-291.1897583,569.9326782,3891.969727,-287.232666,677.1797485,3770.183838,-411.4723206,-103.8610229,3809.408691,-439.9963379,238.0229797,3760.735596,-417.0805969,541.1091309,3901.581055,-444.119812,646.9611816,3799.753418,-319.7888794,-634.4700317,3764.723389,-375.9931335,-669.774353,3642.328369,-346.1224365,-701.8903198,3663.026367,-261.2877808,-696.0041504,3732.555664,-388.5192261,-694.8168335,3677.337402,-392.4015198,-683.9521484,3790.276367
-341.9422302,-104.9888,3805.26709,-337.4084473,-259.3747253,3783.270996,-333.2315979,-383.4060364,3770.835693,-323.9197388,-572.8865967,3778.210693,-296.192688,-540.5360718,3773.539551,-180.7271729,-503.7415161,3742.865967,-123.6271973,-269.7293701,3762.216797,-122.798172,-78.51889801,3694.580566,-112.5617523,0.211760402,3722.638916,-184.0261841,60.30140305,3737.148682,-177.3022156,15.8517952,3741.358398,-354.3600769,-542.5328369,3782.244385,-468.5590515,-533.5255127,3792.393066,-555.0585938,-325.2468567,3891.210205,-601.9318237,-132.2685699,3838.797119,-615.1870728,-53.54813385,3881.781494,-631.696167,16.23493385,3940.807617,-572.6833496,-32.6715126,3866.216797,-262.6940308,-101.5089188,3797.176758,-275.6507874,247.8543854,3815.475586,-290.816803,573.5861206,3890.349854,-287.3656006,681.4638672,3767.108398,-413.4038086,-108.12677,3812.5625,-440.5889587,237.085022,3763.740723,-414.9246826,545.3604126,3900.168213,-441.3914185,645.3696289,3790.55127,-322.1789856,-643.7478638,3769.361084,-368.5467529,-675.3897095,3640.54248,-339.3249512,-708.0228882,3662.379883,-259.4259338,-703.2596436,3739.081055,-383.2375793,-702.3470459,3673.775146,-396.0262451,-696.170105,3787.46582
-341.644165,-106.8537598,3804.284424,-337.1083374,-261.2576294,3781.799072,-332.852417,-385.3743591,3769.542236,-322.2771301,-574.7988281,3779.081787,-294.7164001,-542.2849121,3774.339844,-179.4555511,-505.2367554,3742.925049,-124.2383804,-270.8405762,3764.640625,-124.4406967,-78.60915375,3699.602051,-112.6751709,1.579523087,3722.62085,-184.4922028,60.60744095,3739.840576,-176.7652588,22.29624939,3739.883545,-352.9877014,-544.6047974,3782.474609,-467.5437622,-534.1317749,3785.232666,-558.8471069,-330.2928772,3889.196533,-606.8896484,-132.8154297,3858.753174,-619.7120361,-57.25989532,3907.296631,-636.6538086,4.940673828,3974.229736,-587.1834106,-36.86980057,3898.865967,-262.3761902,-103.3151398,3795.975098,-276.740387,245.9447327,3818.473877,-290.7664185,572.7614136,3889.587402,-302.8016968,677.989563,3764.486328,-413.1235962,-110.044693,3811.7771,-440.6021118,236.598465,3772.860596,-418.1115723,551.1824951,3895.188477,-435.3063354,651.4342041,3783.84375,-319.9449158,-645.7772827,3771.018555,-365.4607849,-670.4556274,3640.302002,-337.1694641,-704.697876,3660.929199,-258.0567627,-705.1878662,3738.674561,-381.1106567,-698.6142578,3672.104492,-395.1192322,-697.4194946,3785.87793
