1721761703583,2024-07-23T14:08:23.583,0.0,-25.857,20.743,12.264
1721761703603,2024-07-23T14:08:23.603,0.02,-22.214,20.358,11.444
1721761703623,2024-07-23T14:08:23.623,0.04,-5.21,16.147,6.49
1721761703643,2024-07-23T14:08:23.643,0.06,15.598,12.088,-0.328
1721761703663,2024-07-23T14:08:23.663,0.08,29.722,8.354,-9.093
1721761703683,2024-07-23T14:08:23.683,0.1,34.352,-2.378,-14.55
1721761703703,2024-07-23T14:08:23.703,0.12,33.102,-1.204,-13.864
1721761703723,2024-07-23T14:08:23.723,0.14,32.668,12.405,-13.083
1721761703743,2024-07-23T14:08:23.743,0.16,29.505,13.72,-9.931
1721761703763,2024-07-23T14:08:23.763,0.18,23.075,0.206,-8.034
1721761703783,2024-07-23T14:08:23.783,0.2,15.339,-15.293,-6.353
1721761703803,2024-07-23T14:08:23.803,0.22,9.989,-24.566,-5.461
1721761703823,2024-07-23T14:08:23.823,0.24,5.347,-31.524,-3.857
1721761703843,2024-07-23T14:08:23.843,0.26,3.155,-29.764,-1.463
1721761703863,2024-07-23T14:08:23.863,0.28,3.998,-24.013,0.011
1721761703883,2024-07-23T14:08:23.883,0.3,4.973,-23.476,1.406
1721761703903,2024-07-23T14:08:23.903,0.32,7.992,-21.925,2.809
1721761703923,2024-07-23T14:08:23.923,0.34,12.405,-16.86,4.39
1721761703943,2024-07-23T14:08:23.943,0.36,17.976,-10.934,6.361
1721761703963,2024-07-23T14:08:23.963,0.38,22.755,-6.387,8.14
1721761703983,2024-07-23T14:08:23.983,0.4,26.319,-3.807,9.089
1721761704003,2024-07-23T14:08:24.003,0.42,28.758,-2.005,9.87
1721761704023,2024-07-23T14:08:24.023,0.44,30.339,0.141,10.202
1721761704043,2024-07-23T14:08:24.043,0.46,30.732,2.988,10.736
1721761704063,2024-07-23T14:08:24.063,0.48,30.316,5.495,11.315
1721761704083,2024-07-23T14:08:24.083,0.5,28.876,3.963,11.566
1721761704103,2024-07-23T14:08:24.103,0.52,25.991,-1.597,11.623
1721761704123,2024-07-23T14:08:24.123,0.54,23.22,-6.09,11.075
1721761704143,2024-07-23T14:08:24.143,0.56,20.884,-7.546,10.354
1721761704163,2024-07-23T14:08:24.163,0.58,18.998,-7.485,9.558
1721761704183,2024-07-23T14:08:24.183,0.6,17.374,-7.504,8.579
1721761704203,2024-07-23T14:08:24.203,0.62,16.334,-7.088,7.816
1721761704223,2024-07-23T14:08:24.223,0.64,15.556,-5.591,7.031
1721761704243,2024-07-23T14:08:24.243,0.66,14.386,-3.518,6.17
1721761704263,2024-07-23T14:08:24.263,0.68,13.46,-1.513,4.794
1721761704283,2024-07-23T14:08:24.283,0.7,12.054,-0.998,3.975
1721761704303,2024-07-23T14:08:24.303,0.72,10.534,-0.48,3.274
1721761704323,2024-07-23T14:08:24.323,0.74,10.046,0.137,1.837
1721761704343,2024-07-23T14:08:24.343,0.76,9.329,0.0,0.473
1721761704363,2024-07-23T14:08:24.363,0.78,9.051,0.652,-1.075
1721761704383,2024-07-23T14:08:24.383,0.8,9.143,3.228,-2.199
1721761704403,2024-07-23T14:08:24.403,0.82,9.844,6.616,-3.209
1721761704423,2024-07-23T14:08:24.423,0.84,10.427,7.409,-4.078
1721761704443,2024-07-23T14:08:24.443,0.86,8.841,1.89,-4.592
1721761704463,2024-07-23T14:08:24.463,0.88,6.117,-3.826,-4.005
1721761704483,2024-07-23T14:08:24.483,0.9,6.216,0.244,-3.575
1721761704503,2024-07-23T14:08:24.503,0.92,6.89,8.495,-2.854
1721761704523,2024-07-23T14:08:24.523,0.94,6.502,11.955,-2.157
1721761704543,2024-07-23T14:08:24.543,0.96,5.335,9.783,-1.73
1721761704563,2024-07-23T14:08:24.563,0.98,3.967,6.223,-1.932
1721761704583,2024-07-23T14:08:24.583,1.0,3.007,5.179,-2.458
1721761704603,2024-07-23T14:08:24.603,1.02,2.519,5.854,-3.159
1721761704623,2024-07-23T14:08:24.623,1.04,1.707,4.737,-3.819
1721761704643,2024-07-23T14:08:24.643,1.06,0.667,2.401,-4.585
1721761704663,2024-07-23T14:08:24.663,1.08,-0.427,0.08,-5.171
1721761704683,2024-07-23T14:08:24.683,1.1,-0.781,-0.819,-5.972
1721761704703,2024-07-23T14:08:24.703,1.12,-1.17,-0.751,-6.81
1721761704723,2024-07-23T14:08:24.723,1.14,-1.452,-0.232,-7.348
1721761704743,2024-07-23T14:08:24.743,1.16,-1.551,0.427,-7.965
1721761704763,2024-07-23T14:08:24.763,1.18,-1.89,1.2,-7.942
1721761704783,2024-07-23T14:08:24.783,1.2,-1.418,3.159,-7.633
1721761704803,2024-07-23T14:08:24.803,1.22,-1.311,3.735,-7.736
1721761704823,2024-07-23T14:08:24.823,1.24,-1.696,2.786,-8.438
1721761704843,2024-07-23T14:08:24.843,1.26,-1.646,2.973,-9.139
1721761704863,2024-07-23T14:08:24.863,1.28,-2.092,3.087,-9.539
1721761704883,2024-07-23T14:08:24.883,1.3,-3.041,2.702,-9.848
1721761704903,2024-07-23T14:08:24.903,1.32,-4.383,1.227,-10.495
1721761704923,2024-07-23T14:08:24.923,1.34,-5.865,1.319,-11.151
1721761704943,2024-07-23T14:08:24.943,1.36,-7.256,2.119,-11.082
1721761704963,2024-07-23T14:08:24.963,1.38,-8.502,3.693,-11.479
1721761704983,2024-07-23T14:08:24.983,1.4,-9.264,5.046,-11.277
1721761705003,2024-07-23T14:08:25.003,1.42,-10.549,2.713,-11.231
1721761705023,2024-07-23T14:08:25.023,1.44,-11.227,0.217,-11.856
1721761705043,2024-07-23T14:08:25.043,1.46,-7.538,9.165,-8.59
1721761705063,2024-07-23T14:08:25.063,1.48,-4.318,25.606,-8.529
1721761705083,2024-07-23T14:08:25.083,1.5,-6.353,15.278,-11.17
1721761705103,2024-07-23T14:08:25.103,1.52,-10.213,-4.71,-10.37
1721761705123,2024-07-23T14:08:25.123,1.54,-9.116,-0.175,-9.558
1721761705143,2024-07-23T14:08:25.143,1.56,-8.224,5.934,-9.909
1721761705163,2024-07-23T14:08:25.163,1.58,-9.619,0.896,-9.127
1721761705183,2024-07-23T14:08:25.183,1.6,-9.249,0.545,-9.082
1721761705203,2024-07-23T14:08:25.203,1.62,-8.308,3.426,-8.316
1721761705223,2024-07-23T14:08:25.223,1.64,-7.729,3.514,-7.443
1721761705243,2024-07-23T14:08:25.243,1.66,-7.279,2.184,-5.838
1721761705263,2024-07-23T14:08:25.263,1.68,-6.749,2.424,-4.748
1721761705283,2024-07-23T14:08:25.283,1.7,-6.38,2.138,-4.196
1721761705303,2024-07-23T14:08:25.303,1.72,-6.425,0.595,-3.739
1721761705323,2024-07-23T14:08:25.323,1.74,-6.098,0.499,-3.518
1721761705343,2024-07-23T14:08:25.343,1.76,-5.713,1.521,-3.308
1721761705363,2024-07-23T14:08:25.363,1.78,-5.229,1.528,-3.056
1721761705383,2024-07-23T14:08:25.383,1.8,-4.592,0.492,-2.763
1721761705403,2024-07-23T14:08:25.403,1.82,-3.708,0.019,-2.172
1721761705423,2024-07-23T14:08:25.423,1.84,-2.191,0.983,-1.54
1721761705443,2024-07-23T14:08:25.443,1.86,-0.816,0.633,-0.579
1721761705463,2024-07-23T14:08:25.463,1.88,0.911,2.188,0.027
1721761705483,2024-07-23T14:08:25.483,1.9,3.396,4.04,-0.781
1721761705503,2024-07-23T14:08:25.503,1.92,4.322,0.922,-0.183
1721761705523,2024-07-23T14:08:25.523,1.94,5.507,-3.75,0.419
1721761705543,2024-07-23T14:08:25.543,1.96,6.204,-7.268,2.298
1721761705563,2024-07-23T14:08:25.563,1.98,8.087,-5.32,4.562
1721761705583,2024-07-23T14:08:25.583,2.0,10.423,-3.201,5.274
1721761705603,2024-07-23T14:08:25.603,2.02,11.456,-4.592,5.164
1721761705623,2024-07-23T14:08:25.623,2.04,12.542,-3.986,5.796
1721761705643,2024-07-23T14:08:25.643,2.06,14.032,-1.665,6.563
1721761705663,2024-07-23T14:08:25.663,2.08,14.867,-0.96,7.054
1721761705683,2024-07-23T14:08:25.683,2.1,15.061,-0.069,7.481
1721761705703,2024-07-23T14:08:25.703,2.12,15.488,3.434,8.396
1721761705723,2024-07-23T14:08:25.723,2.14,14.642,8.377,9.451
1721761705743,2024-07-23T14:08:25.743,2.16,12.954,14.63,10.004
1721761705763,2024-07-23T14:08:25.763,2.18,10.4,18.03,11.002
1721761705783,2024-07-23T14:08:25.783,2.2,4.436,18.956,13.735
1721761705803,2024-07-23T14:08:25.803,2.22,-0.697,27.058,16.399
1721761705823,2024-07-23T14:08:25.823,2.24,-2.858,36.7,19.135
1721761705843,2024-07-23T14:08:25.843,2.26,-7.74,38.7,26.166
1721761705863,2024-07-23T14:08:25.863,2.28,-12.652,32.542,37.294
1721761705883,2024-07-23T14:08:25.883,2.3,-16.372,23.068,48.361
1721761705903,2024-07-23T14:08:25.903,2.32,-17.557,18.777,55.617
1721761705923,2024-07-23T14:08:25.923,2.34,-14.966,19.314,61.383
1721761705943,2024-07-23T14:08:25.943,2.36,-7.591,28.537,63.007
1721761705963,2024-07-23T14:08:25.963,2.38,-0.389,38.087,62.222
1721761705983,2024-07-23T14:08:25.983,2.4,7.054,40.823,59.68
1721761706003,2024-07-23T14:08:26.003,2.42,15.45,35.114,53.274
1721761706023,2024-07-23T14:08:26.023,2.44,22.005,25.835,44.135
1721761706043,2024-07-23T14:08:26.043,2.46,25.469,19.356,35.114
1721761706063,2024-07-23T14:08:26.063,2.48,28.095,19.356,27.29
1721761706083,2024-07-23T14:08:26.083,2.5,28.731,23.845,19.611
1721761706103,2024-07-23T14:08:26.103,2.52,25.701,25.781,13.628
1721761706123,2024-07-23T14:08:26.123,2.54,20.274,20.469,9.905
1721761706143,2024-07-23T14:08:26.143,2.56,13.335,7.584,7.649
1721761706163,2024-07-23T14:08:26.163,2.58,6.505,-8.194,6.833
1721761706183,2024-07-23T14:08:26.183,2.6,2.729,-17.858,6.707
1721761706203,2024-07-23T14:08:26.203,2.62,2.355,-12.843,6.387
1721761706223,2024-07-23T14:08:26.223,2.64,1.311,-5.446,6.056
1721761706243,2024-07-23T14:08:26.243,2.66,1.452,-0.221,5.701
1721761706263,2024-07-23T14:08:26.263,2.68,-0.587,-3.575,5.343
1721761706283,2024-07-23T14:08:26.283,2.7,-1.597,-3.872,6.037
1721761706303,2024-07-23T14:08:26.303,2.72,2.496,1.62,6.742
1721761706323,2024-07-23T14:08:26.323,2.74,6.665,4.066,5.846
1721761706343,2024-07-23T14:08:26.343,2.76,8.559,5.0,4.527
1721761706363,2024-07-23T14:08:26.363,2.78,7.984,3.758,3.049
1721761706383,2024-07-23T14:08:26.383,2.8,7.405,2.298,2.306
1721761706403,2024-07-23T14:08:26.403,2.82,7.736,5.636,1.742
1721761706423,2024-07-23T14:08:26.423,2.84,8.453,10.042,0.957
1721761706443,2024-07-23T14:08:26.443,2.86,7.336,11.037,-0.423
1721761706463,2024-07-23T14:08:26.463,2.88,5.252,7.835,-1.677
1721761706483,2024-07-23T14:08:26.483,2.9,3.159,4.463,-2.416
1721761706503,2024-07-23T14:08:26.503,2.92,2.824,4.226,-2.912
1721761706523,2024-07-23T14:08:26.523,2.94,3.96,7.961,-3.67
1721761706543,2024-07-23T14:08:26.543,2.96,4.226,14.238,-4.162
1721761706563,2024-07-23T14:08:26.563,2.98,4.348,17.458,-4.882
1721761706583,2024-07-23T14:08:26.583,3.0,2.409,9.543,-5.282
1721761706603,2024-07-23T14:08:26.603,3.02,-2.492,-8.323,-5.156
1721761706623,2024-07-23T14:08:26.623,3.04,-2.923,-8.018,-4.47
1721761706643,2024-07-23T14:08:26.643,3.06,-2.782,-1.795,-5.899
1721761706663,2024-07-23T14:08:26.663,3.08,-7.995,-11.288,-5.659
1721761706683,2024-07-23T14:08:26.683,3.1,-9.024,-11.33,-5.575
1721761706703,2024-07-23T14:08:26.703,3.12,-5.812,-2.389,-6.822
1721761706723,2024-07-23T14:08:26.723,3.14,-3.826,2.763,-6.742
1721761706743,2024-07-23T14:08:26.743,3.16,-2.127,3.075,-5.907
1721761706763,2024-07-23T14:08:26.763,3.18,-0.789,0.694,-5.77
1721761706783,2024-07-23T14:08:26.783,3.2,0.05,-0.812,-5.137
1721761706803,2024-07-23T14:08:26.803,3.22,1.128,1.006,-4.619
1721761706823,2024-07-23T14:08:26.823,3.24,1.143,0.164,-4.798
1721761706843,2024-07-23T14:08:26.843,3.26,0.118,-1.65,-4.87
1721761706863,2024-07-23T14:08:26.863,3.28,-0.072,1.029,-5.099
1721761706883,2024-07-23T14:08:26.883,3.3,-0.694,2.919,-5.541
1721761706903,2024-07-23T14:08:26.903,3.32,-2.481,1.646,-5.88
1721761706923,2024-07-23T14:08:26.923,3.34,-3.518,0.004,-5.724
1721761706943,2024-07-23T14:08:26.943,3.36,-4.097,0.05,-5.758
1721761706963,2024-07-23T14:08:26.963,3.38,-3.758,2.622,-5.549
1721761706983,2024-07-23T14:08:26.983,3.4,-3.335,3.327,-4.726
1721761707003,2024-07-23T14:08:27.003,3.42,-3.281,3.647,-3.887
1721761707023,2024-07-23T14:08:27.023,3.44,-2.71,5.922,-3.014
1721761707043,2024-07-23T14:08:27.043,3.46,-2.088,6.639,-2.252
1721761707063,2024-07-23T14:08:27.063,3.48,-2.374,5.111,-2.073
1721761707083,2024-07-23T14:08:27.083,3.5,-2.477,4.817,-2.428
1721761707103,2024-07-23T14:08:27.103,3.52,-2.797,4.028,-3.163
1721761707123,2024-07-23T14:08:27.123,3.54,-4.017,2.115,-3.518
1721761707143,2024-07-23T14:08:27.143,3.56,-4.619,2.534,-3.491
1721761707163,2024-07-23T14:08:27.163,3.58,-4.928,1.905,-3.155
1721761707183,2024-07-23T14:08:27.183,3.6,-5.473,0.888,-2.683
1721761707203,2024-07-23T14:08:27.203,3.62,-4.832,2.957,-2.58
1721761707223,2024-07-23T14:08:27.223,3.64,-4.436,4.257,-2.306
1721761707243,2024-07-23T14:08:27.243,3.66,-4.848,3.556,-1.883
1721761707263,2024-07-23T14:08:27.263,3.68,-4.527,4.348,-1.479
1721761707283,2024-07-23T14:08:27.283,3.7,-4.581,4.272,-0.991
1721761707303,2024-07-23T14:08:27.303,3.72,-4.748,2.382,-0.686
1721761707323,2024-07-23T14:08:27.323,3.74,-4.638,0.789,-0.575
1721761707343,2024-07-23T14:08:27.343,3.76,-3.883,1.338,0.038
1721761707363,2024-07-23T14:08:27.363,3.78,-3.529,0.953,0.274
1721761707383,2024-07-23T14:08:27.383,3.8,-3.796,-0.354,0.393
1721761707403,2024-07-23T14:08:27.403,3.82,-2.847,0.152,0.682
1721761707423,2024-07-23T14:08:27.423,3.84,-2.26,-0.126,0.72
1721761707443,2024-07-23T14:08:27.443,3.86,-1.707,-0.549,0.823
1721761707463,2024-07-23T14:08:27.463,3.88,-0.713,1.189,1.159
1721761707483,2024-07-23T14:08:27.483,3.9,0.179,2.458,1.395
1721761707503,2024-07-23T14:08:27.503,3.92,0.076,0.484,1.46
1721761707523,2024-07-23T14:08:27.523,3.94,-0.591,-0.625,1.761
1721761707543,2024-07-23T14:08:27.543,3.96,-0.766,0.213,2.066
1721761707563,2024-07-23T14:08:27.563,3.98,-1.288,0.198,2.138
1721761707583,2024-07-23T14:08:27.583,4.0,-0.636,2.409,2.172
1721761707603,2024-07-23T14:08:27.603,4.02,0.248,4.07,2.268
1721761707623,2024-07-23T14:08:27.623,4.04,0.461,2.119,2.382
1721761707643,2024-07-23T14:08:27.643,4.06,1.288,2.054,2.489
1721761707663,2024-07-23T14:08:27.663,4.08,2.778,4.383,2.496
1721761707683,2024-07-23T14:08:27.683,4.1,4.558,5.442,2.302
1721761707703,2024-07-23T14:08:27.703,4.12,5.164,5.595,2.142
1721761707723,2024-07-23T14:08:27.723,4.14,6.235,7.287,2.287
1721761707743,2024-07-23T14:08:27.743,4.16,7.283,7.367,2.188
1721761707763,2024-07-23T14:08:27.763,4.18,6.654,4.143,2.069
1721761707783,2024-07-23T14:08:27.783,4.2,4.92,-0.03,2.329
1721761707803,2024-07-23T14:08:27.803,4.22,3.643,-2.698,2.073
1721761707823,2024-07-23T14:08:27.823,4.24,3.098,-3.396,1.742
1721761707843,2024-07-23T14:08:27.843,4.26,3.636,-2.523,1.494
1721761707863,2024-07-23T14:08:27.863,4.28,3.723,-2.816,0.953
1721761707883,2024-07-23T14:08:27.883,4.3,3.788,-2.401,0.484
1721761707903,2024-07-23T14:08:27.903,4.32,4.07,-0.686,-0.21
1721761707923,2024-07-23T14:08:27.923,4.34,3.876,0.293,-0.034
1721761707943,2024-07-23T14:08:27.943,4.36,4.15,1.288,-0.057
1721761707963,2024-07-23T14:08:27.963,4.38,3.739,1.185,-0.034
1721761707983,2024-07-23T14:08:27.983,4.4,3.594,1.128,-0.03
1721761708003,2024-07-23T14:08:28.003,4.42,3.819,1.018,-0.046
1721761708023,2024-07-23T14:08:28.023,4.44,4.52,2.63,-0.133
1721761708043,2024-07-23T14:08:28.043,4.46,4.924,4.935,0.454
1721761708063,2024-07-23T14:08:28.063,4.48,4.505,5.37,0.953
1721761708083,2024-07-23T14:08:28.083,4.5,3.906,4.886,1.2
1721761708103,2024-07-23T14:08:28.103,4.52,3.129,4.154,0.823
1721761708123,2024-07-23T14:08:28.123,4.54,2.348,3.182,0.114
1721761708143,2024-07-23T14:08:28.143,4.56,1.021,0.595,-0.667
1721761708163,2024-07-23T14:08:28.163,4.58,0.941,0.903,-1.132
1721761708183,2024-07-23T14:08:28.183,4.6,1.3,2.195,-1.829
1721761708203,2024-07-23T14:08:28.203,4.62,0.671,1.12,-1.582
1721761708223,2024-07-23T14:08:28.223,4.64,0.56,-0.313,-1.673
1721761708243,2024-07-23T14:08:28.243,4.66,-0.107,-2.222,-1.745
1721761708263,2024-07-23T14:08:28.263,4.68,0.48,-1.559,-2.039
1721761708283,2024-07-23T14:08:28.283,4.7,1.677,-0.56,-2.908
1721761708303,2024-07-23T14:08:28.303,4.72,3.819,0.286,-4.089
1721761708323,2024-07-23T14:08:28.323,4.74,7.176,3.178,-4.299
1721761708343,2024-07-23T14:08:28.343,4.76,7.332,11.124,-4.493
1721761708363,2024-07-23T14:08:28.363,4.78,3.876,15.434,-4.28
1721761708383,2024-07-23T14:08:28.383,4.8,1.09,9.402,-4.272
1721761708403,2024-07-23T14:08:28.403,4.82,-4.306,-5.221,-4.104
1721761708423,2024-07-23T14:08:28.423,4.84,-4.84,-5.602,-3.144
1721761708443,2024-07-23T14:08:28.443,4.86,-0.816,5.278,-3.895
1721761708463,2024-07-23T14:08:28.463,4.88,-5.137,-7.591,-4.421
1721761708483,2024-07-23T14:08:28.483,4.9,-7.287,-16.208,-4.337
1721761708503,2024-07-23T14:08:28.503,4.92,-4.2,-7.321,-4.688
1721761708523,2024-07-23T14:08:28.523,4.94,-3.228,-2.927,-3.853
1721761708543,2024-07-23T14:08:28.543,4.96,-3.609,-3.46,-3.197
1721761708563,2024-07-23T14:08:28.563,4.98,-3.697,-2.904,-3.018
1721761708583,2024-07-23T14:08:28.583,5.0,-3.43,-0.526,-2.268
1721761708603,2024-07-23T14:08:28.603,5.02,-3.201,1.555,-2.107
1721761708623,2024-07-23T14:08:28.623,5.04,-3.613,2.146,-1.38
1721761708643,2024-07-23T14:08:28.643,5.06,-3.319,1.677,-1.376
1721761708663,2024-07-23T14:08:28.663,5.08,-3.647,-0.015,-1.593
1721761708683,2024-07-23T14:08:28.683,5.1,-3.014,-0.171,-1.978
1721761708703,2024-07-23T14:08:28.703,5.12,-2.82,-0.553,-2.226
1721761708723,2024-07-23T14:08:28.723,5.14,-2.325,-0.191,-2.45
1721761708743,2024-07-23T14:08:28.743,5.16,-2.073,-0.339,-2.698
1721761708763,2024-07-23T14:08:28.763,5.18,-1.711,-0.156,-2.393
1721761708783,2024-07-23T14:08:28.783,5.2,-1.269,0.297,-2.416
1721761708803,2024-07-23T14:08:28.803,5.22,-1.204,0.4,-2.138
1721761708823,2024-07-23T14:08:28.823,5.24,-0.808,0.682,-1.966
1721761708843,2024-07-23T14:08:28.843,5.26,-0.838,0.221,-2.081
1721761708863,2024-07-23T14:08:28.863,5.28,-0.553,0.419,-1.715
1721761708883,2024-07-23T14:08:28.883,5.3,0.084,1.098,-1.258
1721761708903,2024-07-23T14:08:28.903,5.32,0.179,1.612,-1.109
1721761708923,2024-07-23T14:08:28.923,5.34,0.099,0.907,-1.197
1721761708943,2024-07-23T14:08:28.943,5.36,-0.213,0.042,-1.258
1721761708963,2024-07-23T14:08:28.963,5.38,0.065,0.606,-1.513
1721761708983,2024-07-23T14:08:28.983,5.4,0.0,0.537,-1.486
1721761709003,2024-07-23T14:08:29.003,5.42,0.183,0.575,-1.502
1721761709023,2024-07-23T14:08:29.023,5.44,-0.126,0.046,-1.307
1721761709043,2024-07-23T14:08:29.043,5.46,-0.339,0.076,-0.827
1721761709063,2024-07-23T14:08:29.063,5.48,-0.05,0.938,-0.514
1721761709083,2024-07-23T14:08:29.083,5.5,0.507,0.877,-0.537
1721761709103,2024-07-23T14:08:29.103,5.52,0.976,0.309,-0.514
1721761709123,2024-07-23T14:08:29.123,5.54,1.498,0.537,-0.671
1721761709143,2024-07-23T14:08:29.143,5.56,1.334,-0.107,-0.8
1721761709163,2024-07-23T14:08:29.163,5.58,1.052,-0.278,-0.789
1721761709183,2024-07-23T14:08:29.183,5.6,0.964,0.381,-0.766
1721761709203,2024-07-23T14:08:29.203,5.62,0.728,0.617,-0.514
1721761709223,2024-07-23T14:08:29.223,5.64,0.667,0.854,-0.423
1721761709243,2024-07-23T14:08:29.243,5.66,0.85,1.014,-0.229
1721761709263,2024-07-23T14:08:29.263,5.68,1.059,0.728,-0.21
1721761709283,2024-07-23T14:08:29.283,5.7,1.528,1.315,-0.389
1721761709303,2024-07-23T14:08:29.303,5.72,2.256,2.66,-0.027
1721761709323,2024-07-23T14:08:29.323,5.74,3.335,4.059,0.13
1721761709343,2024-07-23T14:08:29.343,5.76,3.525,4.497,-0.057
1721761709363,2024-07-23T14:08:29.363,5.78,4.539,5.145,0.191
1721761709383,2024-07-23T14:08:29.383,5.8,6.071,6.117,0.366
1721761709403,2024-07-23T14:08:29.403,5.82,10.13,12.008,0.697
1721761709423,2024-07-23T14:08:29.423,5.84,10.755,20.842,0.701
1721761709443,2024-07-23T14:08:29.443,5.86,10.968,30.556,1.139
1721761709463,2024-07-23T14:08:29.463,5.88,12.546,35.663,0.56
1721761709483,2024-07-23T14:08:29.483,5.9,12.881,31.658,0.179
1721761709503,2024-07-23T14:08:29.503,5.92,12.858,14.093,-2.111
1721761709523,2024-07-23T14:08:29.523,5.94,7.287,-9.097,-2.111
1721761709543,2024-07-23T14:08:29.543,5.96,3.906,-4.082,-0.522
1721761709563,2024-07-23T14:08:29.563,5.98,-5.682,-16.867,0.816
1721761709583,2024-07-23T14:08:29.583,6.0,-11.825,-26.018,4.935
1721761709603,2024-07-23T14:08:29.603,6.02,-10.861,-17.058,2.622
1721761709623,2024-07-23T14:08:29.623,6.04,-12.024,-13.659,4.024
1721761709643,2024-07-23T14:08:29.643,6.06,-8.708,-7.931,4.859
1721761709663,2024-07-23T14:08:29.663,6.08,-6.311,-8.14,3.826
1721761709683,2024-07-23T14:08:29.683,6.1,-3.354,-7.767,3.152
1721761709703,2024-07-23T14:08:29.703,6.12,1.113,-2.706,2.309
1721761709723,2024-07-23T14:08:29.723,6.14,4.436,0.408,1.254
1721761709743,2024-07-23T14:08:29.743,6.16,5.514,0.206,0.434
1721761709763,2024-07-23T14:08:29.763,6.18,4.745,-2.176,-0.621
1721761709783,2024-07-23T14:08:29.783,6.2,3.594,-2.21,-1.22
1721761709803,2024-07-23T14:08:29.803,6.22,2.1,-1.391,-1.486
1721761709823,2024-07-23T14:08:29.823,6.24,0.636,-1.376,-1.761
1721761709843,2024-07-23T14:08:29.843,6.26,0.614,-1.361,-2.165
1721761709863,2024-07-23T14:08:29.863,6.28,0.995,-1.147,-2.05
1721761709883,2024-07-23T14:08:29.883,6.3,1.864,-0.339,-1.601
1721761709903,2024-07-23T14:08:29.903,6.32,1.959,-0.785,-1.105
1721761709923,2024-07-23T14:08:29.923,6.34,2.538,0.305,-1.075
1721761709943,2024-07-23T14:08:29.943,6.36,2.782,1.768,-1.178
1721761709963,2024-07-23T14:08:29.963,6.38,2.706,3.056,-0.899
1721761709983,2024-07-23T14:08:29.983,6.4,3.552,4.314,-0.633
1721761710003,2024-07-23T14:08:30.003,6.42,4.535,4.223,-0.758
1721761710023,2024-07-23T14:08:30.023,6.44,7.138,6.479,-0.739
1721761710043,2024-07-23T14:08:30.043,6.46,10.915,15.252,0.37
1721761710063,2024-07-23T14:08:30.063,6.48,19.592,33.201,1.463
1721761710083,2024-07-23T14:08:30.083,6.5,30.415,41.162,0.019
1721761710103,2024-07-23T14:08:30.103,6.52,41.673,33.815,-7.481
1721761710123,2024-07-23T14:08:30.123,6.54,52.29,18.792,-20.957
1721761710143,2024-07-23T14:08:30.143,6.56,60.267,8.338,-34.901
1721761710163,2024-07-23T14:08:30.163,6.58,63.399,4.813,-45.175
1721761710183,2024-07-23T14:08:30.183,6.6,58.891,1.612,-49.223
1721761710203,2024-07-23T14:08:30.203,6.62,51.921,1.852,-48.312
1721761710223,2024-07-23T14:08:30.223,6.64,45.499,4.909,-42.348
1721761710243,2024-07-23T14:08:30.243,6.66,43.068,12.321,-33.75
1721761710263,2024-07-23T14:08:30.263,6.68,41.414,15.995,-23.468
1721761710283,2024-07-23T14:08:30.283,6.7,37.877,12.066,-15.385
1721761710303,2024-07-23T14:08:30.303,6.72,29.714,-0.351,-6.738
1721761710323,2024-07-23T14:08:30.323,6.74,25.903,3.155,-2.622
1721761710343,2024-07-23T14:08:30.343,6.76,29.253,20.366,0.774
1721761710363,2024-07-23T14:08:30.363,6.78,19.764,-1.296,5.922
1721761710383,2024-07-23T14:08:30.383,6.8,11.113,-16.604,6.181
1721761710403,2024-07-23T14:08:30.403,6.82,11.28,-3.136,7.107
1721761710423,2024-07-23T14:08:30.423,6.84,8.304,2.912,7.889
1721761710443,2024-07-23T14:08:30.443,6.86,8.163,2.58,7.969
1721761710463,2024-07-23T14:08:30.463,6.88,6.189,-4.143,8.365
1721761710483,2024-07-23T14:08:30.483,6.9,4.345,-6.917,8.293
1721761710503,2024-07-23T14:08:30.503,6.92,2.694,-5.793,8.236
1721761710523,2024-07-23T14:08:30.523,6.94,1.048,-5.206,7.889
1721761710543,2024-07-23T14:08:30.543,6.96,0.084,-4.177,7.79
1721761710563,2024-07-23T14:08:30.563,6.98,-0.263,-3.792,8.289
1721761710583,2024-07-23T14:08:30.583,7.0,0.488,-1.662,7.881
1721761710603,2024-07-23T14:08:30.603,7.02,5.145,9.39,8.819
1721761710623,2024-07-23T14:08:30.623,7.04,9.074,19.333,11.429
1721761710643,2024-07-23T14:08:30.643,7.06,8.617,18.506,14.017
1721761710663,2024-07-23T14:08:30.663,7.08,-1.986,11.235,14.333
1721761710683,2024-07-23T14:08:30.683,7.1,-1.322,34.398,15.595
1721761710703,2024-07-23T14:08:30.703,7.12,-8.739,16.319,11.944
1721761710723,2024-07-23T14:08:30.723,7.14,-23.514,-22.13,6.841
1721761710743,2024-07-23T14:08:30.743,7.16,-27.828,-21.441,3.102
1721761710763,2024-07-23T14:08:30.763,7.18,-27.199,-10.69,-1.78
1721761710783,2024-07-23T14:08:30.783,7.2,-26.014,-10.111,-3.78
1721761710803,2024-07-23T14:08:30.803,7.22,-24.07,-16.65,-4.455
1721761710823,2024-07-23T14:08:30.823,7.24,-21.265,-25.053,-3.88
1721761710843,2024-07-23T14:08:30.843,7.26,-15.313,-29.6,-3.373
1721761710863,2024-07-23T14:08:30.863,7.28,-9.12,-32.82,-2.382
1721761710883,2024-07-23T14:08:30.883,7.3,-3.868,-36.303,-1.239
1721761710903,2024-07-23T14:08:30.903,7.32,-0.45,-42.081,-0.313
1721761710923,2024-07-23T14:08:30.923,7.34,0.461,-47.538,0.099
1721761710943,2024-07-23T14:08:30.943,7.36,3.468,-46.159,0.232
1721761710963,2024-07-23T14:08:30.963,7.38,5.793,-42.237,0.423
1721761710983,2024-07-23T14:08:30.983,7.4,7.702,-33.891,-0.316
1721761711003,2024-07-23T14:08:31.003,7.42,5.964,-28.982,-1.139
1721761711023,2024-07-23T14:08:31.023,7.44,3.293,-28.457,-0.739
1721761711043,2024-07-23T14:08:31.043,7.46,2.02,-28.556,0.061
1721761711063,2024-07-23T14:08:31.063,7.48,2.851,-23.617,0.343
1721761711083,2024-07-23T14:08:31.083,7.5,4.79,-17.29,1.155
1721761711103,2024-07-23T14:08:31.103,7.52,6.284,-11.048,2.553
1721761711123,2024-07-23T14:08:31.123,7.54,6.482,-15.293,3.617
1721761711143,2024-07-23T14:08:31.143,7.56,5.171,-22.847,4.436
1721761711163,2024-07-23T14:08:31.163,7.58,4.76,-20.964,5.042
1721761711183,2024-07-23T14:08:31.183,7.6,5.842,-11.315,6.806
1721761711203,2024-07-23T14:08:31.203,7.62,4.939,-3.411,7.092
1721761711223,2024-07-23T14:08:31.223,7.64,2.191,-5.518,6.768
1721761711243,2024-07-23T14:08:31.243,7.66,-0.911,-7.915,5.907
1721761711263,2024-07-23T14:08:31.263,7.68,-1.704,-2.999,4.482
1721761711283,2024-07-23T14:08:31.283,7.7,-2.332,-0.072,3.963
1721761711303,2024-07-23T14:08:31.303,7.72,-1.65,4.257,3.377
1721761711323,2024-07-23T14:08:31.323,7.74,-0.118,6.963,2.591
1721761711343,2024-07-23T14:08:31.343,7.76,0.598,5.377,1.886
1721761711363,2024-07-23T14:08:31.363,7.78,1.124,4.44,1.059
1721761711383,2024-07-23T14:08:31.383,7.8,2.226,6.059,0.126
1721761711403,2024-07-23T14:08:31.403,7.82,3.72,7.386,-1.155
1721761711423,2024-07-23T14:08:31.423,7.84,3.849,8.819,-2.908
1721761711443,2024-07-23T14:08:31.443,7.86,5.877,12.9,-3.445
1721761711463,2024-07-23T14:08:31.463,7.88,7.957,12.378,-3.495
1721761711483,2024-07-23T14:08:31.483,7.9,6.841,12.359,-4.851
1721761711503,2024-07-23T14:08:31.503,7.92,7.165,17.649,-4.947
1721761711523,2024-07-23T14:08:31.523,7.94,5.133,13.59,-4.47
1721761711543,2024-07-23T14:08:31.543,7.96,1.745,4.726,-4.188
1721761711563,2024-07-23T14:08:31.563,7.98,0.499,2.565,-3.582
1721761711583,2024-07-23T14:08:31.583,8.0,2.039,7.069,-3.685
1721761711603,2024-07-23T14:08:31.603,8.02,3.308,8.883,-2.973
1721761711623,2024-07-23T14:08:31.623,8.04,4.596,7.492,-2.534
1721761711643,2024-07-23T14:08:31.643,8.06,4.787,4.078,-2.245
1721761711663,2024-07-23T14:08:31.663,8.08,7.085,4.756,-1.822
1721761711683,2024-07-23T14:08:31.683,8.1,7.748,7.02,-1.132
1721761711703,2024-07-23T14:08:31.703,8.12,7.732,11.357,-0.389
1721761711723,2024-07-23T14:08:31.723,8.14,7.79,18.868,-0.061
1721761711743,2024-07-23T14:08:31.743,8.16,6.33,21.658,1.109
1721761711763,2024-07-23T14:08:31.763,8.18,5.091,23.895,1.421
1721761711783,2024-07-23T14:08:31.783,8.2,5.438,32.073,1.517
1721761711803,2024-07-23T14:08:31.803,8.22,9.051,40.918,2.591
1721761711823,2024-07-23T14:08:31.823,8.24,12.264,36.288,2.58
1721761711843,2024-07-23T14:08:31.843,8.26,5.145,11.875,1.589
1721761711863,2024-07-23T14:08:31.863,8.28,-3.438,6.597,1.513
1721761711883,2024-07-23T14:08:31.883,8.3,-15.484,3.136,0.21
1721761711903,2024-07-23T14:08:31.903,8.32,-33.96,-17.721,-2.801
1721761711923,2024-07-23T14:08:31.923,8.34,-46.749,-21.917,-9.699
1721761711943,2024-07-23T14:08:31.943,8.36,-53.899,-8.792,-16.056
1721761711963,2024-07-23T14:08:31.963,8.38,-57.18,2.729,-24.482
1721761711983,2024-07-23T14:08:31.983,8.4,-59.074,3.365,-34.272
1721761712003,2024-07-23T14:08:32.003,8.42,-57.21,3.498,-44.905
1721761712023,2024-07-23T14:08:32.023,8.44,-50.957,9.047,-57.05
1721761712043,2024-07-23T14:08:32.043,8.46,-41.361,15.713,-70.743
1721761712063,2024-07-23T14:08:32.063,8.48,-28.914,23.262,-84.604
1721761712083,2024-07-23T14:08:32.083,8.5,-16.49,23.003,-101.444
1721761712103,2024-07-23T14:08:32.103,8.52,-3.43,13.445,-119.276
1721761712123,2024-07-23T14:08:32.123,8.54,9.573,-8.739,-124.874
1721761712143,2024-07-23T14:08:32.143,8.56,15.324,-40.274,-124.874
1721761712163,2024-07-23T14:08:32.163,8.58,17.927,-53.975,-124.726
1721761712183,2024-07-23T14:08:32.183,8.6,20.556,-44.741,-124.874
1721761712203,2024-07-23T14:08:32.203,8.62,22.355,-27.721,-124.874
1721761712223,2024-07-23T14:08:32.223,8.64,25.625,-20.434,-124.874
1721761712243,2024-07-23T14:08:32.243,8.66,28.148,-26.787,-124.874
1721761712263,2024-07-23T14:08:32.263,8.68,25.553,-30.492,-124.874
1721761712283,2024-07-23T14:08:32.283,8.7,32.694,-12.13,-124.874
1721761712303,2024-07-23T14:08:32.303,8.72,41.521,-1.311,-124.874
1721761712323,2024-07-23T14:08:32.323,8.74,42.912,-17.995,-124.874
1721761712343,2024-07-23T14:08:32.343,8.76,40.072,-53.011,-124.874
1721761712363,2024-07-23T14:08:32.363,8.78,34.634,-81.536,-124.874
1721761712383,2024-07-23T14:08:32.383,8.8,29.623,-91.376,-124.874
1721761712403,2024-07-23T14:08:32.403,8.82,29.863,-83.152,-124.874
1721761712423,2024-07-23T14:08:32.423,8.84,33.441,-73.152,-124.874
1721761712443,2024-07-23T14:08:32.443,8.86,35.046,-75.389,-124.874
1721761712463,2024-07-23T14:08:32.463,8.88,34.116,-84.897,-124.874
1721761712483,2024-07-23T14:08:32.483,8.9,31.277,-90.831,-124.874
1721761712503,2024-07-23T14:08:32.503,8.92,28.35,-85.587,-124.874
1721761712523,2024-07-23T14:08:32.523,8.94,25.728,-70.362,-124.874
1721761712543,2024-07-23T14:08:32.543,8.96,22.934,-48.236,-124.874
1721761712563,2024-07-23T14:08:32.563,8.98,21.879,-22.931,-124.874
1721761712583,2024-07-23T14:08:32.583,9.0,21.86,-2.294,-124.874
1721761712603,2024-07-23T14:08:32.603,9.02,21.963,6.681,-124.71
1721761712623,2024-07-23T14:08:32.623,9.04,20.579,1.33,-113.335
1721761712643,2024-07-23T14:08:32.643,9.06,18.304,-11.052,-87.732
1721761712663,2024-07-23T14:08:32.663,9.08,16.269,-20.545,-63.224
1721761712683,2024-07-23T14:08:32.683,9.1,14.95,-24.627,-40.514
1721761712703,2024-07-23T14:08:32.703,9.12,13.571,-25.072,-20.229
1721761712723,2024-07-23T14:08:32.723,9.14,12.005,-22.092,-3.651
1721761712743,2024-07-23T14:08:32.743,9.16,10.709,-16.612,9.505
1721761712763,2024-07-23T14:08:32.763,9.18,9.611,-9.745,20.29
1721761712783,2024-07-23T14:08:32.783,9.2,8.639,-2.538,29.486
1721761712803,2024-07-23T14:08:32.803,9.22,7.515,3.464,37.077
1721761712823,2024-07-23T14:08:32.823,9.24,6.307,7.348,43.209
1721761712843,2024-07-23T14:08:32.843,9.26,4.867,9.306,48.197
1721761712863,2024-07-23T14:08:32.863,9.28,3.407,9.52,52.123
1721761712883,2024-07-23T14:08:32.883,9.3,1.402,9.12,55.305
1721761712903,2024-07-23T14:08:32.903,9.32,-1.094,10.655,57.881
1721761712923,2024-07-23T14:08:32.923,9.34,-3.731,13.201,59.505
1721761712943,2024-07-23T14:08:32.943,9.36,-6.604,13.651,59.676
1721761712963,2024-07-23T14:08:32.963,9.38,-9.112,12.965,58.556
1721761712983,2024-07-23T14:08:32.983,9.4,-10.777,12.107,56.963
1721761713003,2024-07-23T14:08:33.003,9.42,-11.989,10.998,55.377
1721761713023,2024-07-23T14:08:33.023,9.44,-12.736,10.332,53.78
1721761713043,2024-07-23T14:08:33.043,9.46,-13.289,9.996,51.841
1721761713063,2024-07-23T14:08:33.063,9.48,-13.632,9.143,49.954
1721761713083,2024-07-23T14:08:33.083,9.5,-13.594,8.399,47.774
1721761713103,2024-07-23T14:08:33.103,9.52,-13.262,7.622,45.111
1721761713123,2024-07-23T14:08:33.123,9.54,-12.748,6.521,41.822
1721761713143,2024-07-23T14:08:33.143,9.56,-11.715,5.13,37.919
1721761713163,2024-07-23T14:08:33.163,9.58,-10.252,3.54,33.346
1721761713183,2024-07-23T14:08:33.183,9.6,-8.285,2.195,28.129
1721761713203,2024-07-23T14:08:33.203,9.62,-5.964,2.05,22.271
1721761713223,2024-07-23T14:08:33.223,9.64,-3.152,2.881,15.918
1721761713243,2024-07-23T14:08:33.243,9.66,-0.396,4.028,9.691
1721761713263,2024-07-23T14:08:33.263,9.68,1.94,4.714,3.716
1721761713283,2024-07-23T14:08:33.283,9.7,3.845,4.333,-1.715
1721761713303,2024-07-23T14:08:33.303,9.72,5.396,3.068,-6.654
1721761713323,2024-07-23T14:08:33.323,9.74,6.768,1.482,-11.345
1721761713343,2024-07-23T14:08:33.343,9.76,7.934,0.324,-16.105
1721761713363,2024-07-23T14:08:33.363,9.78,8.864,-0.8,-20.899
1721761713383,2024-07-23T14:08:33.383,9.8,9.581,-2.13,-25.823
1721761713403,2024-07-23T14:08:33.403,9.82,10.141,-3.304,-30.549
1721761713423,2024-07-23T14:08:33.423,9.84,11.258,-2.965,-34.779
1721761713443,2024-07-23T14:08:33.443,9.86,12.268,-0.514,-37.919
1721761713463,2024-07-23T14:08:33.463,9.88,12.759,-0.892,-40.659
1721761713483,2024-07-23T14:08:33.483,9.9,12.752,-4.924,-42.218
1721761713503,2024-07-23T14:08:33.503,9.92,13.441,-6.631,-42.934
1721761713523,2024-07-23T14:08:33.523,9.94,14.436,-7.348,-43.27
1721761713543,2024-07-23T14:08:33.543,9.96,15.133,-7.062,-42.782
1721761713563,2024-07-23T14:08:33.563,9.98,15.793,-4.718,-41.391
1721761713583,2024-07-23T14:08:33.583,10.0,15.915,-1.825,-39.101
1721761713603,2024-07-23T14:08:33.603,10.02,15.412,0.454,-36.059
1721761713623,2024-07-23T14:08:33.623,10.04,14.459,1.284,-32.149
1721761713643,2024-07-23T14:08:33.643,10.06,12.805,0.343,-27.245
1721761713663,2024-07-23T14:08:33.663,10.08,11.197,-0.804,-21.582
1721761713683,2024-07-23T14:08:33.683,10.1,9.855,-1.2,-15.781
1721761713703,2024-07-23T14:08:33.703,10.12,8.518,-0.556,-9.897
1721761713723,2024-07-23T14:08:33.723,10.14,7.382,0.324,-4.204
1721761713743,2024-07-23T14:08:33.743,10.16,6.094,0.492,0.72
1721761713763,2024-07-23T14:08:33.763,10.18,5.088,0.694,4.935
1721761713783,2024-07-23T14:08:33.783,10.2,4.546,1.338,8.746
1721761713803,2024-07-23T14:08:33.803,10.22,4.242,2.229,12.271
1721761713823,2024-07-23T14:08:33.823,10.24,4.238,3.441,15.255
1721761713843,2024-07-23T14:08:33.843,10.26,4.646,5.575,17.851
1721761713863,2024-07-23T14:08:33.863,10.28,4.855,8.681,20.126
1721761713883,2024-07-23T14:08:33.883,10.3,4.466,9.707,21.726
1721761713903,2024-07-23T14:08:33.903,10.32,3.216,6.174,22.649
1721761713923,2024-07-23T14:08:33.923,10.34,2.706,4.832,23.822
1721761713943,2024-07-23T14:08:33.943,10.36,3.209,5.926,24.192
1721761713963,2024-07-23T14:08:33.963,10.38,2.908,5.145,24.028
1721761713983,2024-07-23T14:08:33.983,10.4,2.873,5.56,23.708
1721761714003,2024-07-23T14:08:34.003,10.42,3.178,6.799,23.14
1721761714023,2024-07-23T14:08:34.023,10.44,3.014,6.894,22.001
1721761714043,2024-07-23T14:08:34.043,10.46,2.691,6.368,20.194
1721761714063,2024-07-23T14:08:34.063,10.48,2.241,5.187,17.923
1721761714083,2024-07-23T14:08:34.083,10.5,1.848,3.483,15.404
1721761714103,2024-07-23T14:08:34.103,10.52,1.627,2.416,12.908
1721761714123,2024-07-23T14:08:34.123,10.54,1.719,2.199,10.518
1721761714143,2024-07-23T14:08:34.143,10.56,1.791,2.008,7.976
1721761714163,2024-07-23T14:08:34.163,10.58,2.096,2.245,5.084
1721761714183,2024-07-23T14:08:34.183,10.6,2.325,2.313,2.237
1721761714203,2024-07-23T14:08:34.203,10.62,1.974,0.747,-0.549
1721761714223,2024-07-23T14:08:34.223,10.64,1.928,-0.156,-2.816
1721761714243,2024-07-23T14:08:34.243,10.66,2.5,0.354,-4.84
1721761714263,2024-07-23T14:08:34.263,10.68,2.58,0.156,-6.864
1721761714283,2024-07-23T14:08:34.283,10.7,2.416,-0.019,-8.388
1721761714303,2024-07-23T14:08:34.303,10.72,2.321,-0.381,-9.848
1721761714323,2024-07-23T14:08:34.323,10.74,2.142,-1.345,-11.105
1721761714343,2024-07-23T14:08:34.343,10.76,1.944,-1.776,-11.997
1721761714363,2024-07-23T14:08:34.363,10.78,1.784,-1.867,-12.569
1721761714383,2024-07-23T14:08:34.383,10.8,1.559,-2.005,-12.801
1721761714403,2024-07-23T14:08:34.403,10.82,1.357,-2.005,-12.82
1721761714423,2024-07-23T14:08:34.423,10.84,1.185,-2.096,-12.668
1721761714443,2024-07-23T14:08:34.443,10.86,1.075,-1.944,-12.344
1721761714463,2024-07-23T14:08:34.463,10.88,0.888,-1.837,-12.012
1721761714483,2024-07-23T14:08:34.483,10.9,0.633,-1.856,-11.627
1721761714503,2024-07-23T14:08:34.503,10.92,0.553,-1.578,-10.877
1721761714523,2024-07-23T14:08:34.523,10.94,0.282,-1.399,-9.912
1721761714543,2024-07-23T14:08:34.543,10.96,-0.072,-1.582,-8.921
1721761714563,2024-07-23T14:08:34.563,10.98,-0.225,-1.513,-7.79
1721761714583,2024-07-23T14:08:34.583,11.0,-0.175,-0.998,-6.643
1721761714603,2024-07-23T14:08:34.603,11.02,-0.16,-0.522,-5.457
1721761714623,2024-07-23T14:08:34.623,11.04,-0.206,-0.232,-4.466
1721761714643,2024-07-23T14:08:34.643,11.06,-0.16,0.244,-3.255
1721761714663,2024-07-23T14:08:34.663,11.08,-0.118,0.377,-2.214
1721761714683,2024-07-23T14:08:34.683,11.1,-0.156,0.454,-1.17
1721761714703,2024-07-23T14:08:34.703,11.12,-0.08,0.88,-0.019
1721761714723,2024-07-23T14:08:34.723,11.14,-0.042,1.345,1.101
1721761714743,2024-07-23T14:08:34.743,11.16,-0.072,1.612,2.134
1721761714763,2024-07-23T14:08:34.763,11.18,-0.084,1.719,2.965
1721761714783,2024-07-23T14:08:34.783,11.2,-0.027,2.05,3.624
1721761714803,2024-07-23T14:08:34.803,11.22,0.244,2.584,4.074
1721761714823,2024-07-23T14:08:34.823,11.24,0.553,2.984,4.207
1721761714843,2024-07-23T14:08:34.843,11.26,0.758,3.468,4.196
1721761714863,2024-07-23T14:08:34.863,11.28,0.865,3.902,4.421
1721761714883,2024-07-23T14:08:34.883,11.3,0.77,3.746,5.004
1721761714903,2024-07-23T14:08:34.903,11.32,0.389,3.201,5.644
1721761714923,2024-07-23T14:08:34.923,11.34,-0.03,2.912,5.911
1721761714943,2024-07-23T14:08:34.943,11.36,-0.534,2.26,5.877
1721761714963,2024-07-23T14:08:34.963,11.38,-1.3,1.254,5.56
1721761714983,2024-07-23T14:08:34.983,11.4,-2.18,-0.274,5.221
1721761715003,2024-07-23T14:08:35.003,11.42,-2.923,-2.02,4.771
1721761715023,2024-07-23T14:08:35.023,11.44,-3.426,-2.79,3.902
1721761715043,2024-07-23T14:08:35.043,11.46,-3.563,-2.763,2.843
1721761715063,2024-07-23T14:08:35.063,11.48,-3.384,-2.431,1.585
1721761715083,2024-07-23T14:08:35.083,11.5,-3.045,-2.21,0.232
1721761715103,2024-07-23T14:08:35.103,11.52,-2.736,-2.111,-1.128
1721761715123,2024-07-23T14:08:35.123,11.54,-2.378,-1.848,-2.279
1721761715143,2024-07-23T14:08:35.143,11.56,-1.982,-1.509,-3.102
1721761715163,2024-07-23T14:08:35.163,11.58,-1.471,-1.128,-3.472
1721761715183,2024-07-23T14:08:35.183,11.6,-1.059,-0.564,-3.685
1721761715203,2024-07-23T14:08:35.203,11.62,-0.72,-0.366,-3.822
1721761715223,2024-07-23T14:08:35.223,11.64,-0.602,-0.488,-3.727
1721761715243,2024-07-23T14:08:35.243,11.66,-0.633,-0.774,-3.529
1721761715263,2024-07-23T14:08:35.263,11.68,-0.713,-0.934,-3.464
1721761715283,2024-07-23T14:08:35.283,11.7,-0.617,-0.789,-3.479
1721761715303,2024-07-23T14:08:35.303,11.72,-0.499,-0.473,-3.403
1721761715323,2024-07-23T14:08:35.323,11.74,-0.469,-0.4,-3.014
1721761715343,2024-07-23T14:08:35.343,11.76,-0.583,-0.682,-2.233
1721761715363,2024-07-23T14:08:35.363,11.78,-0.751,-1.204,-1.204
1721761715383,2024-07-23T14:08:35.383,11.8,-1.048,-1.41,-0.343
1721761715403,2024-07-23T14:08:35.403,11.82,-1.239,-1.528,0.179
1721761715423,2024-07-23T14:08:35.423,11.84,-1.41,-1.841,0.206
1721761715443,2024-07-23T14:08:35.443,11.86,-1.341,-2.283,0.267
1721761715463,2024-07-23T14:08:35.463,11.88,-1.33,-2.889,0.579
1721761715483,2024-07-23T14:08:35.483,11.9,-1.075,-2.858,0.941
1721761715503,2024-07-23T14:08:35.503,11.92,-0.816,-2.012,1.361
1721761715523,2024-07-23T14:08:35.523,11.94,-0.495,-1.071,1.856
1721761715543,2024-07-23T14:08:35.543,11.96,-0.408,-0.77,1.925
1721761715563,2024-07-23T14:08:35.563,11.98,-0.64,-1.361,1.608
1721761715583,2024-07-23T14:08:35.583,12.0,-0.724,-1.707,1.033
1721761715603,2024-07-23T14:08:35.603,12.02,-0.644,-1.273,0.095
1721761715623,2024-07-23T14:08:35.623,12.04,-0.591,-0.8,-0.713
1721761715643,2024-07-23T14:08:35.643,12.06,-0.442,-0.644,-1.109
1721761715663,2024-07-23T14:08:35.663,12.08,-0.248,-0.766,-1.231
1721761715683,2024-07-23T14:08:35.683,12.1,-0.065,-0.446,-1.585
1721761715703,2024-07-23T14:08:35.703,12.12,0.37,0.534,-1.841
1721761715723,2024-07-23T14:08:35.723,12.14,0.713,1.269,-2.13
1721761715743,2024-07-23T14:08:35.743,12.16,0.785,1.254,-2.355
1721761715763,2024-07-23T14:08:35.763,12.18,0.732,0.911,-2.226
1721761715783,2024-07-23T14:08:35.783,12.2,0.602,0.941,-2.104
1721761715803,2024-07-23T14:08:35.803,12.22,0.606,1.372,-2.005
1721761715823,2024-07-23T14:08:35.823,12.24,0.537,1.677,-1.879
1721761715843,2024-07-23T14:08:35.843,12.26,0.393,1.3,-1.78
1721761715863,2024-07-23T14:08:35.863,12.28,0.076,0.591,-1.524
1721761715883,2024-07-23T14:08:35.883,12.3,-0.137,0.217,-1.025
1721761715903,2024-07-23T14:08:35.903,12.32,-0.282,0.221,-0.572
1721761715923,2024-07-23T14:08:35.923,12.34,-0.213,0.332,-0.122
1721761715943,2024-07-23T14:08:35.943,12.36,-0.168,0.354,0.24
1721761715963,2024-07-23T14:08:35.963,12.38,-0.118,0.145,0.442
1721761715983,2024-07-23T14:08:35.983,12.4,-0.111,0.046,0.385
1721761716003,2024-07-23T14:08:36.003,12.42,0.095,0.373,0.217
1721761716023,2024-07-23T14:08:36.023,12.44,0.274,0.785,0.034
1721761716043,2024-07-23T14:08:36.043,12.46,0.633,1.231,-0.198
1721761716063,2024-07-23T14:08:36.063,12.48,0.8,1.059,-0.354
1721761716083,2024-07-23T14:08:36.083,12.5,0.85,1.113,-0.248
1721761716103,2024-07-23T14:08:36.103,12.52,0.812,0.987,-0.107
1721761716123,2024-07-23T14:08:36.123,12.54,0.709,0.865,-0.213
1721761716143,2024-07-23T14:08:36.143,12.56,0.61,0.896,-0.415
1721761716163,2024-07-23T14:08:36.163,12.58,0.179,0.45,-0.713
1721761716183,2024-07-23T14:08:36.183,12.6,-0.255,-0.389,-0.903
1721761716203,2024-07-23T14:08:36.203,12.62,-0.564,-0.987,-1.261
1721761716223,2024-07-23T14:08:36.223,12.64,-0.736,-0.987,-1.94
1721761716243,2024-07-23T14:08:36.243,12.66,-0.652,-0.77,-2.565
1721761716263,2024-07-23T14:08:36.263,12.68,-0.697,-0.96,-2.607
1721761716283,2024-07-23T14:08:36.283,12.7,-0.541,-0.808,-2.325
1721761716303,2024-07-23T14:08:36.303,12.72,-0.244,0.244,-2.504
1721761716323,2024-07-23T14:08:36.323,12.74,0.137,2.149,-3.72
1721761716343,2024-07-23T14:08:36.343,12.76,0.499,3.392,-5.351
1721761716363,2024-07-23T14:08:36.363,12.78,0.591,3.647,-6.715
1721761716383,2024-07-23T14:08:36.383,12.8,0.427,3.628,-7.123
1721761716403,2024-07-23T14:08:36.403,12.82,-0.575,2.988,-7.13
1721761716423,2024-07-23T14:08:36.423,12.84,-2.557,1.38,-7.248
1721761716443,2024-07-23T14:08:36.443,12.86,-5.095,-1.159,-7.306
1721761716463,2024-07-23T14:08:36.463,12.88,-7.893,-4.177,-7.039
1721761716483,2024-07-23T14:08:36.483,12.9,-10.457,-7.245,-5.926
1721761716503,2024-07-23T14:08:36.503,12.92,-12.264,-8.899,-4.379
1721761716523,2024-07-23T14:08:36.523,12.94,-13.769,-8.941,-3.255
1721761716543,2024-07-23T14:08:36.543,12.96,-15.019,-8.338,-2.767
1721761716563,2024-07-23T14:08:36.563,12.98,-15.758,-8.133,-2.405
1721761716583,2024-07-23T14:08:36.583,13.0,-16.715,-10.03,-2.18
1721761716603,2024-07-23T14:08:36.603,13.02,-17.854,-12.329,-2.355
1721761716623,2024-07-23T14:08:36.623,13.04,-17.995,-14.398,-2.725
1721761716643,2024-07-23T14:08:36.643,13.06,-17.37,-16.726,-3.392
1721761716663,2024-07-23T14:08:36.663,13.08,-14.085,-15.636,-4.07
1721761716683,2024-07-23T14:08:36.683,13.1,-8.396,-11.73,-5.549
1721761716703,2024-07-23T14:08:36.703,13.12,-0.412,-5.758,-8.537
1721761716723,2024-07-23T14:08:36.723,13.14,8.822,1.627,-14.082
1721761716743,2024-07-23T14:08:36.743,13.16,16.803,7.45,-20.633
1721761716763,2024-07-23T14:08:36.763,13.18,21.704,5.781,-24.242
1721761716783,2024-07-23T14:08:36.783,13.2,16.456,-4.794,-25.713
1721761716803,2024-07-23T14:08:36.803,13.22,17.675,8.083,-26.197
1721761716823,2024-07-23T14:08:36.823,13.24,20.522,12.153,-28.731
1721761716843,2024-07-23T14:08:36.843,13.26,20.21,5.225,-27.389
1721761716863,2024-07-23T14:08:36.863,13.28,22.279,9.649,-25.595
1721761716883,2024-07-23T14:08:36.883,13.3,23.952,16.01,-23.754
1721761716903,2024-07-23T14:08:36.903,13.32,26.132,24.71,-21.764
1721761716923,2024-07-23T14:08:36.923,13.34,28.822,33.723,-20.408
1721761716943,2024-07-23T14:08:36.943,13.36,32.012,39.15,-18.377
1721761716963,2024-07-23T14:08:36.963,13.38,31.993,41.791,-14.672
1721761716983,2024-07-23T14:08:36.983,13.4,28.018,37.95,-10.393
1721761717003,2024-07-23T14:08:37.003,13.42,21.25,24.169,-7.607
1721761717023,2024-07-23T14:08:37.023,13.44,15.678,11.113,-5.377
1721761717043,2024-07-23T14:08:37.043,13.46,13.472,6.585,-3.834
1721761717063,2024-07-23T14:08:37.063,13.48,13.205,7.725,-3.662
1721761717083,2024-07-23T14:08:37.083,13.5,14.707,10.088,-5.278
1721761717103,2024-07-23T14:08:37.103,13.52,16.429,9.44,-7.024
1721761717123,2024-07-23T14:08:37.123,13.54,18.449,8.857,-7.984
1721761717143,2024-07-23T14:08:37.143,13.56,19.486,4.009,-7.378
1721761717163,2024-07-23T14:08:37.163,13.58,17.912,-4.646,-4.844
1721761717183,2024-07-23T14:08:37.183,13.6,17.786,-1.433,-2.969
1721761717203,2024-07-23T14:08:37.203,13.62,16.193,2.725,-1.795
1721761717223,2024-07-23T14:08:37.223,13.64,11.452,1.707,-0.865
1721761717243,2024-07-23T14:08:37.243,13.66,3.041,-3.906,-0.213
1721761717263,2024-07-23T14:08:37.263,13.68,-7.245,-19.783,-2.466
1721761717283,2024-07-23T14:08:37.283,13.7,-18.849,-43.598,-0.732
1721761717303,2024-07-23T14:08:37.303,13.72,-22.55,-51.296,6.227
1721761717323,2024-07-23T14:08:37.323,13.74,-19.821,-44.729,17.359
1721761717343,2024-07-23T14:08:37.343,13.76,-16.361,-36.101,29.055
1721761717363,2024-07-23T14:08:37.363,13.78,-12.188,-22.412,36.029
1721761717383,2024-07-23T14:08:37.383,13.8,-8.136,-10.77,35.88
1721761717403,2024-07-23T14:08:37.403,13.82,-6.025,-4.398,33.003
1721761717423,2024-07-23T14:08:37.423,13.84,-4.226,1.479,29.314
1721761717443,2024-07-23T14:08:37.443,13.86,-3.053,5.29,24.836
1721761717463,2024-07-23T14:08:37.463,13.88,-2.732,8.941,19.909
1721761717483,2024-07-23T14:08:37.483,13.9,-3.056,16.357,14.482
1721761717503,2024-07-23T14:08:37.503,13.92,-5.217,24.966,7.774
1721761717523,2024-07-23T14:08:37.523,13.94,-10.099,27.439,0.091
1721761717543,2024-07-23T14:08:37.543,13.96,-14.489,24.36,-5.667
1721761717563,2024-07-23T14:08:37.563,13.98,-15.591,22.66,-6.913
1721761717583,2024-07-23T14:08:37.583,14.0,-11.105,29.825,-2.725
1721761717603,2024-07-23T14:08:37.603,14.02,2.157,45.404,4.005
1721761717623,2024-07-23T14:08:37.623,14.04,22.203,72.523,10.636
1721761717643,2024-07-23T14:08:37.643,14.06,37.893,105.964,19.821
1721761717663,2024-07-23T14:08:37.663,14.08,43.876,124.874,30.419
1721761717683,2024-07-23T14:08:37.683,14.1,41.216,123.876,38.514
1721761717703,2024-07-23T14:08:37.703,14.12,37.016,106.681,42.771
1721761717723,2024-07-23T14:08:37.723,14.14,32.165,82.931,45.042
1721761717743,2024-07-23T14:08:37.743,14.16,26.803,60.465,44.684
1721761717763,2024-07-23T14:08:37.763,14.18,21.086,41.311,40.404
1721761717783,2024-07-23T14:08:37.783,14.2,16.2,30.373,33.746
1721761717803,2024-07-23T14:08:37.803,14.22,11.463,24.859,27.069
1721761717823,2024-07-23T14:08:37.823,14.24,5.838,18.327,20.499
1721761717843,2024-07-23T14:08:37.843,14.26,0.438,9.661,13.727
1721761717863,2024-07-23T14:08:37.863,14.28,-4.104,0.05,6.589
1721761717883,2024-07-23T14:08:37.883,14.3,-7.843,-9.261,-0.747
1721761717903,2024-07-23T14:08:37.903,14.32,-10.351,-16.768,-7.534
1721761717923,2024-07-23T14:08:37.923,14.34,-10.675,-24.28,-13.704
1721761717943,2024-07-23T14:08:37.943,14.36,-8.659,-33.579,-19.268
1721761717963,2024-07-23T14:08:37.963,14.38,-4.981,-21.288,-26.383
1721761717983,2024-07-23T14:08:37.983,14.4,2.614,8.525,-36.345
1721761718003,2024-07-23T14:08:38.003,14.42,7.309,9.543,-40.96
1721761718023,2024-07-23T14:08:38.023,14.44,9.55,-9.253,-45.454
1721761718043,2024-07-23T14:08:38.043,14.46,10.774,-27.995,-51.974
1721761718063,2024-07-23T14:08:38.063,14.48,12.077,-31.471,-57.374
1721761718083,2024-07-23T14:08:38.083,14.5,14.101,-21.536,-61.563
1721761718103,2024-07-23T14:08:38.103,14.52,13.712,-18.342,-65.903
1721761718123,2024-07-23T14:08:38.123,14.54,10.625,-24.158,-71.673
1721761718143,2024-07-23T14:08:38.143,14.56,8.178,-30.168,-74.139
1721761718163,2024-07-23T14:08:38.163,14.58,7.046,-28.761,-67.832
1721761718183,2024-07-23T14:08:38.183,14.6,8.83,-12.393,-50.499
1721761718203,2024-07-23T14:08:38.203,14.62,10.636,11.166,-25.781
1721761718223,2024-07-23T14:08:38.223,14.64,7.752,26.429,0.667
1721761718243,2024-07-23T14:08:38.243,14.66,-2.706,26.578,23.681
1721761718263,2024-07-23T14:08:38.263,14.68,-17.862,13.514,40.08
1721761718283,2024-07-23T14:08:38.283,14.7,-35.964,-17.13,48.342
1721761718303,2024-07-23T14:08:38.303,14.72,-54.04,-56.139,49.554
1721761718323,2024-07-23T14:08:38.323,14.74,-65.606,-77.885,44.748
1721761718343,2024-07-23T14:08:38.343,14.76,-71.098,-90.293,35.678
1721761718363,2024-07-23T14:08:38.363,14.78,-73.464,-107.595,28.849
1721761718383,2024-07-23T14:08:38.383,14.8,-68.075,-117.988,21.463
1721761718403,2024-07-23T14:08:38.403,14.82,-56.231,-114.794,15.034
1721761718423,2024-07-23T14:08:38.423,14.84,-38.872,-95.053,10.126
1721761718443,2024-07-23T14:08:38.443,14.86,-19.531,-61.684,7.633
1721761718463,2024-07-23T14:08:38.463,14.88,-0.53,-21.745,7.336
1721761718483,2024-07-23T14:08:38.483,14.9,16.067,11.551,8.735
1721761718503,2024-07-23T14:08:38.503,14.92,26.742,27.938,9.531
1721761718523,2024-07-23T14:08:38.523,14.94,34.379,34.139,8.598
1721761718543,2024-07-23T14:08:38.543,14.96,38.906,32.626,6.871
1721761718563,2024-07-23T14:08:38.563,14.98,41.17,28.537,4.352
1721761718583,2024-07-23T14:08:38.583,15.0,42.854,27.397,1.471
1721761718603,2024-07-23T14:08:38.603,15.02,43.018,26.604,-1.7
1721761718623,2024-07-23T14:08:38.623,15.04,39.962,18.7,-4.821
1721761718643,2024-07-23T14:08:38.643,15.06,33.811,4.748,-7.359
1721761718663,2024-07-23T14:08:38.663,15.08,30.85,7.736,-9.261
1721761718683,2024-07-23T14:08:38.683,15.1,32.039,18.761,-12.13
1721761718703,2024-07-23T14:08:38.703,15.12,31.97,17.161,-15.511
1721761718723,2024-07-23T14:08:38.723,15.14,30.777,8.544,-18.449
1721761718743,2024-07-23T14:08:38.743,15.16,28.152,1.616,-20.171
1721761718763,2024-07-23T14:08:38.763,15.18,26.513,7.774,-21.986
1721761718783,2024-07-23T14:08:38.783,15.2,26.059,21.894,-22.077
1721761718803,2024-07-23T14:08:38.803,15.22,25.293,27.161,-18.251
1721761718823,2024-07-23T14:08:38.823,15.24,22.839,21.38,-15.114
1721761718843,2024-07-23T14:08:38.843,15.26,19.844,6.997,-13.929
1721761718863,2024-07-23T14:08:38.863,15.28,15.96,-7.843,-14.371
1721761718883,2024-07-23T14:08:38.883,15.3,14.108,-11.452,-19.607
1721761718903,2024-07-23T14:08:38.903,15.32,12.645,-8.681,-29.036
1721761718923,2024-07-23T14:08:38.923,15.34,11.018,-2.024,-34.798
1721761718943,2024-07-23T14:08:38.943,15.36,9.756,10.354,-31.864
1721761718963,2024-07-23T14:08:38.963,15.38,7.386,20.873,-20.0
1721761718983,2024-07-23T14:08:38.983,15.4,4.607,24.848,-2.088
1721761719003,2024-07-23T14:08:39.003,15.42,2.771,25.739,18.921
1721761719023,2024-07-23T14:08:39.023,15.44,2.37,28.014,40.015
1721761719043,2024-07-23T14:08:39.043,15.46,1.185,35.461,56.399
1721761719063,2024-07-23T14:08:39.063,15.48,-0.507,53.308,62.607
1721761719083,2024-07-23T14:08:39.083,15.5,-6.269,58.502,61.543
1721761719103,2024-07-23T14:08:39.103,15.52,-18.262,45.248,59.146
1721761719123,2024-07-23T14:08:39.123,15.54,-32.542,27.877,55.941
1721761719143,2024-07-23T14:08:39.143,15.56,-44.421,10.991,51.86
1721761719163,2024-07-23T14:08:39.163,15.58,-52.332,1.014,50.976
1721761719183,2024-07-23T14:08:39.183,15.6,-55.286,-5.945,52.622
1721761719203,2024-07-23T14:08:39.203,15.62,-56.151,-14.051,53.632
1721761719223,2024-07-23T14:08:39.223,15.64,-54.005,-18.529,53.014
1721761719243,2024-07-23T14:08:39.243,15.66,-49.634,-20.248,51.46
1721761719263,2024-07-23T14:08:39.263,15.68,-43.323,-18.266,50.034
1721761719283,2024-07-23T14:08:39.283,15.7,-35.575,-13.415,48.841
1721761719303,2024-07-23T14:08:39.303,15.72,-26.692,-5.987,47.26
1721761719323,2024-07-23T14:08:39.323,15.74,-17.668,3.643,44.059
1721761719343,2024-07-23T14:08:39.343,15.76,-10.152,11.334,38.67
1721761719363,2024-07-23T14:08:39.363,15.78,-4.779,15.008,31.319
1721761719383,2024-07-23T14:08:39.383,15.8,-1.193,14.428,23.171
1721761719403,2024-07-23T14:08:39.403,15.82,0.96,11.006,14.497
1721761719423,2024-07-23T14:08:39.423,15.84,2.256,6.791,5.305
1721761719443,2024-07-23T14:08:39.443,15.86,3.197,2.744,-4.024
1721761719463,2024-07-23T14:08:39.463,15.88,4.021,-0.915,-13.056
1721761719483,2024-07-23T14:08:39.483,15.9,4.718,-4.318,-21.475
1721761719503,2024-07-23T14:08:39.503,15.92,5.03,-8.224,-29.032
1721761719523,2024-07-23T14:08:39.523,15.94,5.015,-12.816,-36.128
1721761719543,2024-07-23T14:08:39.543,15.96,4.405,-18.639,-43.483
1721761719563,2024-07-23T14:08:39.563,15.98,3.838,-23.746,-51.753
1721761719583,2024-07-23T14:08:39.583,16.0,3.742,-25.972,-60.404
1721761719603,2024-07-23T14:08:39.603,16.02,3.784,-27.843,-69.912
1721761719623,2024-07-23T14:08:39.623,16.04,3.72,-30.823,-79.204
1721761719643,2024-07-23T14:08:39.643,16.06,3.857,-31.543,-87.816
1721761719663,2024-07-23T14:08:39.663,16.08,3.937,-30.393,-95.446
1721761719683,2024-07-23T14:08:39.683,16.1,2.809,-29.912,-102.184
1721761719703,2024-07-23T14:08:39.703,16.12,0.751,-30.149,-108.068
1721761719723,2024-07-23T14:08:39.723,16.14,-1.658,-31.696,-114.337
1721761719743,2024-07-23T14:08:39.743,16.16,-4.943,-36.65,-120.248
1721761719763,2024-07-23T14:08:39.763,16.18,-9.101,-48.636,-118.537
1721761719783,2024-07-23T14:08:39.783,16.2,-11.986,-62.71,-105.423
1721761719803,2024-07-23T14:08:39.803,16.22,-11.803,-67.95,-81.368
1721761719823,2024-07-23T14:08:39.823,16.24,-9.051,-58.906,-51.17
1721761719843,2024-07-23T14:08:39.843,16.26,-7.107,-39.299,-22.687
1721761719863,2024-07-23T14:08:39.863,16.28,-10.229,-20.255,0.511
1721761719883,2024-07-23T14:08:39.883,16.3,-18.929,-9.264,14.905
1721761719903,2024-07-23T14:08:39.903,16.32,-29.169,-13.079,21.806
1721761719923,2024-07-23T14:08:39.923,16.34,-40.141,-30.621,23.468
1721761719943,2024-07-23T14:08:39.943,16.36,-49.287,-55.556,23.35
1721761719963,2024-07-23T14:08:39.963,16.38,-54.527,-80.758,25.816
1721761719983,2024-07-23T14:08:39.983,16.4,-50.263,-89.447,32.05
1721761720003,2024-07-23T14:08:40.003,16.42,-37.241,-77.729,39.478
1721761720023,2024-07-23T14:08:40.023,16.44,-21.482,-52.123,46.601
1721761720043,2024-07-23T14:08:40.043,16.46,-6.136,-15.915,53.255
1721761720063,2024-07-23T14:08:40.063,16.48,6.848,25.038,56.978
1721761720083,2024-07-23T14:08:40.083,16.5,17.675,74.158,55.004
1721761720103,2024-07-23T14:08:40.103,16.52,25.995,117.283,48.575
1721761720123,2024-07-23T14:08:40.123,16.54,27.355,124.874,42.614
1721761720143,2024-07-23T14:08:40.143,16.56,25.354,123.056,37.222
1721761720163,2024-07-23T14:08:40.163,16.58,24.299,107.359,31.494
1721761720183,2024-07-23T14:08:40.183,16.6,22.816,72.961,27.736
1721761720203,2024-07-23T14:08:40.203,16.62,18.243,22.329,27.496
1721761720223,2024-07-23T14:08:40.223,16.64,12.732,-15.629,29.04
1721761720243,2024-07-23T14:08:40.243,16.66,15.499,-17.458,29.013
1721761720263,2024-07-23T14:08:40.263,16.68,15.736,-18.887,30.034
1721761720283,2024-07-23T14:08:40.283,16.7,15.423,-15.019,33.685
1721761720303,2024-07-23T14:08:40.303,16.72,15.838,-6.482,35.107
1721761720323,2024-07-23T14:08:40.323,16.74,14.421,3.655,33.296
1721761720343,2024-07-23T14:08:40.343,16.76,15.831,21.452,30.419
1721761720363,2024-07-23T14:08:40.363,16.78,16.414,29.272,27.957
1721761720383,2024-07-23T14:08:40.383,16.8,15.309,22.298,24.684
1721761720403,2024-07-23T14:08:40.403,16.82,15.373,12.45,20.366
1721761720423,2024-07-23T14:08:40.423,16.84,16.631,6.216,15.248
1721761720443,2024-07-23T14:08:40.443,16.86,19.383,7.024,9.92
1721761720463,2024-07-23T14:08:40.463,16.88,23.011,12.504,4.817
1721761720483,2024-07-23T14:08:40.483,16.9,26.669,18.674,1.136
1721761720503,2024-07-23T14:08:40.503,16.92,29.474,23.849,-0.598
1721761720523,2024-07-23T14:08:40.523,16.94,30.389,27.717,-0.335
1721761720543,2024-07-23T14:08:40.543,16.96,29.318,28.88,1.707
1721761720563,2024-07-23T14:08:40.563,16.98,26.898,26.402,4.28
1721761720583,2024-07-23T14:08:40.583,17.0,23.758,20.652,6.2
1721761720603,2024-07-23T14:08:40.603,17.02,20.534,15.103,7.104
1721761720623,2024-07-23T14:08:40.623,17.04,18.083,12.153,7.024
1721761720643,2024-07-23T14:08:40.643,17.06,16.444,10.137,6.41
1721761720663,2024-07-23T14:08:40.663,17.08,15.252,7.34,5.168
1721761720683,2024-07-23T14:08:40.683,17.1,14.722,3.952,3.479
1721761720703,2024-07-23T14:08:40.703,17.12,14.798,0.781,1.421
1721761720723,2024-07-23T14:08:40.723,17.14,15.324,-0.884,-0.511
1721761720743,2024-07-23T14:08:40.743,17.16,15.915,-0.728,-1.704
1721761720763,2024-07-23T14:08:40.763,17.18,16.288,0.709,-1.532
1721761720783,2024-07-23T14:08:40.783,17.2,15.545,3.083,0.027
1721761720803,2024-07-23T14:08:40.803,17.22,12.984,5.907,1.696
1721761720823,2024-07-23T14:08:40.823,17.24,8.053,8.079,1.829
1721761720843,2024-07-23T14:08:40.843,17.26,-0.541,6.197,-1.109
1721761720863,2024-07-23T14:08:40.863,17.28,-12.976,-4.371,-7.241
1721761720883,2024-07-23T14:08:40.883,17.3,-27.801,-24.131,-15.56
1721761720903,2024-07-23T14:08:40.903,17.32,-42.123,-48.491,-23.861
1721761720923,2024-07-23T14:08:40.923,17.34,-52.862,-74.771,-29.76
1721761720943,2024-07-23T14:08:40.943,17.36,-58.83,-101.056,-31.029
1721761720963,2024-07-23T14:08:40.963,17.38,-59.299,-118.148,-28.807
1721761720983,2024-07-23T14:08:40.983,17.4,-54.573,-120.816,-24.566
1721761721003,2024-07-23T14:08:41.003,17.42,-46.89,-108.716,-20.118
1721761721023,2024-07-23T14:08:41.023,17.44,-38.479,-85.907,-17.736
1721761721043,2024-07-23T14:08:41.043,17.46,-32.47,-61.322,-18.826
1721761721063,2024-07-23T14:08:41.063,17.48,-29.028,-43.548,-22.363
1721761721083,2024-07-23T14:08:41.083,17.5,-28.659,-39.162,-26.643
1721761721103,2024-07-23T14:08:41.103,17.52,-31.326,-46.25,-29.909
1721761721123,2024-07-23T14:08:41.123,17.54,-35.629,-55.941,-31.784
1721761721143,2024-07-23T14:08:41.143,17.56,-40.469,-63.506,-33.007
1721761721163,2024-07-23T14:08:41.163,17.58,-45.358,-67.843,-33.434
1721761721183,2024-07-23T14:08:41.183,17.6,-49.79,-70.633,-33.403
1721761721203,2024-07-23T14:08:41.203,17.62,-53.674,-74.375,-33.045
1721761721223,2024-07-23T14:08:41.223,17.64,-56.776,-78.956,-32.694
1721761721243,2024-07-23T14:08:41.243,17.66,-59.299,-82.47,-33.228
1721761721263,2024-07-23T14:08:41.263,17.68,-60.088,-82.05,-34.139
1721761721283,2024-07-23T14:08:41.283,17.7,-60.446,-80.011,-35.819
1721761721303,2024-07-23T14:08:41.303,17.72,-61.193,-79.653,-37.42
1721761721323,2024-07-23T14:08:41.323,17.74,-61.463,-79.672,-36.502
1721761721343,2024-07-23T14:08:41.343,17.76,-60.903,-78.819,-33.018
1721761721363,2024-07-23T14:08:41.363,17.78,-59.432,-75.842,-29.691
1721761721383,2024-07-23T14:08:41.383,17.8,-57.081,-72.508,-28.159
1721761721403,2024-07-23T14:08:41.403,17.82,-54.531,-70.023,-28.567
1721761721423,2024-07-23T14:08:41.423,17.84,-52.34,-67.165,-30.655
1721761721443,2024-07-23T14:08:41.443,17.86,-50.53,-64.409,-32.683
1721761721463,2024-07-23T14:08:41.463,17.88,-48.78,-62.344,-34.463
1721761721483,2024-07-23T14:08:41.483,17.9,-47.637,-61.425,-36.117
1721761721503,2024-07-23T14:08:41.503,17.92,-47.611,-61.563,-37.565
1721761721523,2024-07-23T14:08:41.523,17.94,-48.601,-61.742,-39.021
1721761721543,2024-07-23T14:08:41.543,17.96,-50.13,-63.647,-40.8
1721761721563,2024-07-23T14:08:41.563,17.98,-52.149,-68.338,-42.096
1721761721583,2024-07-23T14:08:41.583,18.0,-54.322,-74.451,-42.367
1721761721603,2024-07-23T14:08:41.603,18.02,-56.46,-80.755,-41.883
1721761721623,2024-07-23T14:08:41.623,18.04,-58.521,-85.549,-40.48
1721761721643,2024-07-23T14:08:41.643,18.06,-60.697,-88.384,-38.525
1721761721663,2024-07-23T14:08:41.663,18.08,-62.969,-90.819,-36.635
1721761721683,2024-07-23T14:08:41.683,18.1,-65.149,-94.558,-34.981
1721761721703,2024-07-23T14:08:41.703,18.12,-66.597,-99.036,-33.38
1721761721723,2024-07-23T14:08:41.723,18.14,-66.856,-102.489,-32.119
1721761721743,2024-07-23T14:08:41.743,18.16,-65.789,-103.849,-31.559
1721761721763,2024-07-23T14:08:41.763,18.18,-63.727,-103.27,-31.547
1721761721783,2024-07-23T14:08:41.783,18.2,-61.406,-102.172,-31.966
1721761721803,2024-07-23T14:08:41.803,18.22,-58.491,-101.269,-32.683
1721761721823,2024-07-23T14:08:41.823,18.24,-54.882,-100.476,-33.632
1721761721843,2024-07-23T14:08:41.843,18.26,-50.541,-98.88,-34.531
1721761721863,2024-07-23T14:08:41.863,18.28,-45.69,-95.85,-35.278
1721761721883,2024-07-23T14:08:41.883,18.3,-40.736,-91.174,-35.579
1721761721903,2024-07-23T14:08:41.903,18.32,-35.922,-85.808,-35.111
1721761721923,2024-07-23T14:08:41.923,18.34,-31.925,-81.185,-33.765
1721761721943,2024-07-23T14:08:41.943,18.36,-29.127,-77.439,-31.437
1721761721963,2024-07-23T14:08:41.963,18.38,-27.035,-74.112,-28.422
1721761721983,2024-07-23T14:08:41.983,18.4,-25.926,-72.813,-24.943
1721761722003,2024-07-23T14:08:42.003,18.42,-25.697,-75.015,-21.448
1721761722023,2024-07-23T14:08:42.023,18.44,-26.212,-80.476,-17.976
1721761722043,2024-07-23T14:08:42.043,18.46,-27.218,-82.946,-14.68
1721761722063,2024-07-23T14:08:42.063,18.48,-26.334,-78.533,-11.791
1721761722083,2024-07-23T14:08:42.083,18.5,-24.71,-75.625,-9.169
1721761722103,2024-07-23T14:08:42.103,18.52,-22.607,-76.235,-6.585
1721761722123,2024-07-23T14:08:42.123,18.54,-19.486,-78.205,-3.96
1721761722143,2024-07-23T14:08:42.143,18.56,-14.204,-76.814,-1.627
1721761722163,2024-07-23T14:08:42.163,18.58,-7.976,-73.883,-0.038
1721761722183,2024-07-23T14:08:42.183,18.6,-2.553,-69.768,0.819
1721761722203,2024-07-23T14:08:42.203,18.62,2.572,-61.932,1.871
1721761722223,2024-07-23T14:08:42.223,18.64,5.934,-54.729,3.205
1721761722243,2024-07-23T14:08:42.243,18.66,6.456,-48.575,4.253
1721761722263,2024-07-23T14:08:42.263,18.68,3.422,-44.802,5.305
1721761722283,2024-07-23T14:08:42.283,18.7,-5.549,-53.022,7.226
1721761722303,2024-07-23T14:08:42.303,18.72,-13.197,-41.57,9.264
1721761722323,2024-07-23T14:08:42.323,18.74,-13.373,-2.496,10.354
1721761722343,2024-07-23T14:08:42.343,18.76,-14.592,18.411,12.066
1721761722363,2024-07-23T14:08:42.363,18.78,-16.402,17.085,14.043
1721761722383,2024-07-23T14:08:42.383,18.8,-20.236,-3.399,18.83
1721761722403,2024-07-23T14:08:42.403,18.82,-26.075,-27.561,23.933
1721761722423,2024-07-23T14:08:42.423,18.84,-29.432,-35.492,25.682
1721761722443,2024-07-23T14:08:42.443,18.86,-33.236,-39.44,25.568
1721761722463,2024-07-23T14:08:42.463,18.88,-38.296,-44.699,22.439
1721761722483,2024-07-23T14:08:42.483,18.9,-43.251,-46.97,15.56
1721761722503,2024-07-23T14:08:42.503,18.92,-48.201,-49.512,6.345
1721761722523,2024-07-23T14:08:42.523,18.94,-52.378,-56.082,-2.774
1721761722543,2024-07-23T14:08:42.543,18.96,-54.634,-65.198,-8.8
1721761722563,2024-07-23T14:08:42.563,18.98,-54.931,-73.784,-10.793
1721761722583,2024-07-23T14:08:42.583,19.0,-53.758,-77.759,-10.419
1721761722603,2024-07-23T14:08:42.603,19.02,-51.486,-75.732,-9.07
1721761722623,2024-07-23T14:08:42.623,19.04,-49.146,-70.465,-7.95
1721761722643,2024-07-23T14:08:42.643,19.06,-47.485,-64.989,-7.412
1721761722663,2024-07-23T14:08:42.663,19.08,-46.978,-63.361,-7.973
1721761722683,2024-07-23T14:08:42.683,19.1,-47.26,-66.452,-9.71
1721761722703,2024-07-23T14:08:42.703,19.12,-48.064,-71.105,-12.492
1721761722723,2024-07-23T14:08:42.723,19.14,-49.291,-76.563,-16.12
1721761722743,2024-07-23T14:08:42.743,19.16,-50.175,-83.171,-20.454
1721761722763,2024-07-23T14:08:42.763,19.18,-48.906,-89.089,-24.996
1721761722783,2024-07-23T14:08:42.783,19.2,-45.202,-91.837,-29.486
1721761722803,2024-07-23T14:08:42.803,19.22,-39.653,-89.79,-34.882
1721761722823,2024-07-23T14:08:42.823,19.24,-32.858,-82.576,-41.322
1721761722843,2024-07-23T14:08:42.843,19.26,-26.094,-69.764,-48.803
1721761722863,2024-07-23T14:08:42.863,19.28,-20.667,-57.428,-56.837
1721761722883,2024-07-23T14:08:42.883,19.3,-17.214,-51.021,-64.916
1721761722903,2024-07-23T14:08:42.903,19.32,-15.499,-49.588,-71.993
1721761722923,2024-07-23T14:08:42.923,19.34,-14.588,-49.524,-77.66
1721761722943,2024-07-23T14:08:42.943,19.36,-14.017,-49.444,-81.601
1721761722963,2024-07-23T14:08:42.963,19.38,-14.158,-48.933,-84.314
1721761722983,2024-07-23T14:08:42.983,19.4,-16.65,-47.652,-86.01
1721761723003,2024-07-23T14:08:43.003,19.42,-22.546,-47.378,-86.353
1721761723023,2024-07-23T14:08:43.023,19.44,-32.283,-60.118,-83.685
1721761723043,2024-07-23T14:08:43.043,19.46,-43.072,-89.581,-79.184
1721761723063,2024-07-23T14:08:43.063,19.48,-48.114,-110.252,-76.101
1721761723083,2024-07-23T14:08:43.083,19.5,-48.617,-115.286,-71.46
1721761723103,2024-07-23T14:08:43.103,19.52,-48.807,-109.992,-67.588
1721761723123,2024-07-23T14:08:43.123,19.54,-45.8,-92.694,-66.841
1721761723143,2024-07-23T14:08:43.143,19.56,-41.578,-74.451,-69.375
1721761723163,2024-07-23T14:08:43.163,19.58,-34.573,-56.105,-67.378
1721761723183,2024-07-23T14:08:43.183,19.6,-22.805,-34.893,-52.889
1721761723203,2024-07-23T14:08:43.203,19.62,-10.682,-11.585,-26.677
1721761723223,2024-07-23T14:08:43.223,19.64,-2.416,15.122,4.116
1721761723243,2024-07-23T14:08:43.243,19.66,-3.018,38.384,30.751
1721761723263,2024-07-23T14:08:43.263,19.68,-15.697,37.26,45.667
1721761723283,2024-07-23T14:08:43.283,19.7,-35.168,-3.876,51.322
1721761723303,2024-07-23T14:08:43.303,19.72,-56.037,-57.813,49.31
1721761723323,2024-07-23T14:08:43.323,19.74,-72.698,-95.518,47.165
1721761723343,2024-07-23T14:08:43.343,19.76,-80.751,-114.726,49.341
1721761723363,2024-07-23T14:08:43.363,19.78,-76.974,-118.948,54.672
1721761723383,2024-07-23T14:08:43.383,19.8,-61.662,-108.579,59.177
1721761723403,2024-07-23T14:08:43.403,19.82,-42.538,-84.733,60.511
1721761723423,2024-07-23T14:08:43.423,19.84,-24.741,-51.601,59.527
1721761723443,2024-07-23T14:08:43.443,19.86,-10.221,-18.841,55.865
1721761723463,2024-07-23T14:08:43.463,19.88,1.223,0.85,49.219
1721761723483,2024-07-23T14:08:43.483,19.9,9.546,12.294,41.49
1721761723503,2024-07-23T14:08:43.503,19.92,14.184,24.962,35.865
1721761723523,2024-07-23T14:08:43.523,19.94,16.479,34.078,31.65
1721761723543,2024-07-23T14:08:43.543,19.96,17.458,34.55,25.899
1721761723563,2024-07-23T14:08:43.563,19.98,17.572,28.354,19.306
1721761723583,2024-07-23T14:08:43.583,20.0,18.102,20.511,13.045
1721761723603,2024-07-23T14:08:43.603,20.02,18.182,12.706,8.091
1721761723623,2024-07-23T14:08:43.623,20.04,16.2,3.487,4.493
1721761723643,2024-07-23T14:08:43.643,20.06,13.598,-0.983,1.162
1721761723663,2024-07-23T14:08:43.663,20.08,13.037,0.979,-3.876
1721761723683,2024-07-23T14:08:43.683,20.1,13.453,2.511,-10.164
1721761723703,2024-07-23T14:08:43.703,20.12,15.857,4.859,-17.595
1721761723723,2024-07-23T14:08:43.723,20.14,19.566,6.242,-24.611
1721761723743,2024-07-23T14:08:43.743,20.16,24.021,7.363,-29.649
1721761723763,2024-07-23T14:08:43.763,20.18,28.449,11.25,-33.072
1721761723783,2024-07-23T14:08:43.783,20.2,32.523,18.487,-36.01
1721761723803,2024-07-23T14:08:43.803,20.22,35.316,26.94,-38.316
1721761723823,2024-07-23T14:08:43.823,20.24,36.57,33.289,-39.192
1721761723843,2024-07-23T14:08:43.843,20.26,36.12,34.672,-39.242
1721761723863,2024-07-23T14:08:43.863,20.28,34.379,31.486,-39.447
1721761723883,2024-07-23T14:08:43.883,20.3,31.715,27.889,-42.896
1721761723903,2024-07-23T14:08:43.903,20.32,26.33,28.19,-53.159
1721761723923,2024-07-23T14:08:43.923,20.34,17.912,30.042,-62.87
1721761723943,2024-07-23T14:08:43.943,20.36,8.335,21.33,-60.141
1721761723963,2024-07-23T14:08:43.963,20.38,1.864,4.047,-43.167
1721761723983,2024-07-23T14:08:43.983,20.4,0.701,-4.329,-16.368
1721761724003,2024-07-23T14:08:44.003,20.42,6.799,7.595,16.864
1721761724023,2024-07-23T14:08:44.023,20.44,15.438,34.699,46.833
1721761724043,2024-07-23T14:08:44.043,20.46,19.2,58.216,69.097
1721761724063,2024-07-23T14:08:44.063,20.48,15.941,69.287,81.425
1721761724083,2024-07-23T14:08:44.083,20.5,7.652,69.848,85.252
1721761724103,2024-07-23T14:08:44.103,20.52,-4.15,60.13,82.008
1721761724123,2024-07-23T14:08:44.123,20.54,-17.172,41.669,76.311
1721761724143,2024-07-23T14:08:44.143,20.56,-27.87,23.678,71.185
1721761724163,2024-07-23T14:08:44.163,20.58,-34.996,9.257,69.31
1721761724183,2024-07-23T14:08:44.183,20.6,-37.294,-2.58,70.358
1721761724203,2024-07-23T14:08:44.203,20.62,-35.019,-10.526,70.869
1721761724223,2024-07-23T14:08:44.223,20.64,-29.92,-15.183,70.713
1721761724243,2024-07-23T14:08:44.243,20.66,-21.715,-14.817,70.278
1721761724263,2024-07-23T14:08:44.263,20.68,-11.582,-8.209,68.841
1721761724283,2024-07-23T14:08:44.283,20.7,-0.831,3.35,65.926
1721761724303,2024-07-23T14:08:44.303,20.72,8.784,19.2,60.751
1721761724323,2024-07-23T14:08:44.323,20.74,16.28,34.455,53.114
1721761724343,2024-07-23T14:08:44.343,20.76,20.061,40.816,44.646
1721761724363,2024-07-23T14:08:44.363,20.78,21.437,42.572,33.822
1721761724383,2024-07-23T14:08:44.383,20.8,21.094,40.774,22.473
1721761724403,2024-07-23T14:08:44.403,20.82,18.876,33.72,11.467
1721761724423,2024-07-23T14:08:44.423,20.84,16.764,25.267,0.579
1721761724443,2024-07-23T14:08:44.443,20.86,15.076,17.153,-9.855
1721761724463,2024-07-23T14:08:44.463,20.88,14.55,9.043,-19.139
1721761724483,2024-07-23T14:08:44.483,20.9,15.659,2.348,-27.294
1721761724503,2024-07-23T14:08:44.503,20.92,18.098,-0.785,-34.752
1721761724523,2024-07-23T14:08:44.523,20.94,21.845,0.831,-41.235
1721761724543,2024-07-23T14:08:44.543,20.96,26.372,5.316,-46.433
1721761724563,2024-07-23T14:08:44.563,20.98,30.842,9.924,-51.879
1721761724583,2024-07-23T14:08:44.583,21.0,34.901,12.755,-58.331
1721761724603,2024-07-23T14:08:44.603,21.02,38.457,11.532,-64.893
1721761724623,2024-07-23T14:08:44.623,21.04,40.335,3.277,-70.431
1721761724643,2024-07-23T14:08:44.643,21.06,40.183,-4.405,-74.627
1721761724663,2024-07-23T14:08:44.663,21.08,35.564,-13.117,-76.73
1721761724683,2024-07-23T14:08:44.683,21.1,26.726,-25.614,-70.983
1721761724703,2024-07-23T14:08:44.703,21.12,22.386,-10.903,-77.283
1721761724723,2024-07-23T14:08:44.723,21.14,14.291,-2.016,-83.731
1721761724743,2024-07-23T14:08:44.743,21.16,8.529,7.34,-95.149
1721761724763,2024-07-23T14:08:44.763,21.18,4.264,18.929,-100.72
1721761724783,2024-07-23T14:08:44.783,21.2,-3.921,2.969,-84.958
1721761724803,2024-07-23T14:08:44.803,21.22,1.193,-20.842,-50.987
1721761724823,2024-07-23T14:08:44.823,21.24,-3.575,-28.171,-25.145
1721761724843,2024-07-23T14:08:44.843,21.26,0.347,-25.907,12.828
1721761724863,2024-07-23T14:08:44.863,21.28,-11.037,-1.925,39.604
1721761724883,2024-07-23T14:08:44.883,21.3,-19.394,75.743,49.638
1721761724903,2024-07-23T14:08:44.903,21.32,-27.001,124.874,46.033
1721761724923,2024-07-23T14:08:44.923,21.34,-56.105,73.075,38.529
1721761724943,2024-07-23T14:08:44.943,21.36,-86.806,-38.777,36.01
1721761724963,2024-07-23T14:08:44.963,21.38,-104.912,-122.218,34.173
1721761724983,2024-07-23T14:08:44.983,21.4,-112.729,-124.874,32.919
1721761725003,2024-07-23T14:08:45.003,21.42,-108.411,-123.754,38.274
1721761725023,2024-07-23T14:08:45.023,21.44,-85.011,-124.672,44.794
1721761725043,2024-07-23T14:08:45.043,21.46,-53.868,-123.205,50.972
1721761725063,2024-07-23T14:08:45.063,21.48,-19.897,-71.643,52.641
1721761725083,2024-07-23T14:08:45.083,21.5,10.236,19.063,50.659
1721761725103,2024-07-23T14:08:45.103,21.52,41.955,89.657,44.272
1721761725123,2024-07-23T14:08:45.123,21.54,71.3,124.874,24.825
1721761725143,2024-07-23T14:08:45.143,21.56,73.361,124.874,29.954
1721761725163,2024-07-23T14:08:45.163,21.58,74.745,124.063,32.306
1721761725183,2024-07-23T14:08:45.183,21.6,66.806,112.195,36.582
1721761725203,2024-07-23T14:08:45.203,21.62,60.663,80.179,31.528
1721761725223,2024-07-23T14:08:45.223,21.64,56.292,60.084,22.161
1721761725243,2024-07-23T14:08:45.243,21.66,45.831,34.146,14.6
1721761725263,2024-07-23T14:08:45.263,21.68,34.684,9.912,9.371
1721761725283,2024-07-23T14:08:45.283,21.7,28.822,-13.053,8.003
1721761725303,2024-07-23T14:08:45.303,21.72,26.28,-24.024,10.998
1721761725323,2024-07-23T14:08:45.323,21.74,28.822,-18.659,19.623
1721761725343,2024-07-23T14:08:45.343,21.76,40.903,5.568,9.005
1721761725363,2024-07-23T14:08:45.363,21.78,56.311,49.242,1.014
1721761725383,2024-07-23T14:08:45.383,21.8,65.152,80.575,-0.404
1721761725403,2024-07-23T14:08:45.403,21.82,69.169,93.944,-1.185
1721761725423,2024-07-23T14:08:45.423,21.84,72.428,94.63,-0.682
1721761725443,2024-07-23T14:08:45.443,21.86,71.566,79.535,1.593
1721761725463,2024-07-23T14:08:45.463,21.88,66.246,54.718,4.318
1721761725483,2024-07-23T14:08:45.483,21.9,60.682,43.941,7.725
1721761725503,2024-07-23T14:08:45.503,21.92,57.511,42.443,12.588
1721761725523,2024-07-23T14:08:45.523,21.94,53.03,29.089,17.885
1721761725543,2024-07-23T14:08:45.543,21.96,54.958,41.795,17.05
1721761725563,2024-07-23T14:08:45.563,21.98,68.247,83.979,10.252
1721761725583,2024-07-23T14:08:45.583,22.0,86.662,122.401,-2.416
1721761725603,2024-07-23T14:08:45.603,22.02,99.505,124.874,-20.606
1721761725623,2024-07-23T14:08:45.623,22.04,101.082,124.394,-29.897
1721761725643,2024-07-23T14:08:45.643,22.06,98.712,124.752,-21.867
1721761725663,2024-07-23T14:08:45.663,22.08,97.096,124.874,-6.132
1721761725683,2024-07-23T14:08:45.683,22.1,94.874,124.87,13.236
1721761725703,2024-07-23T14:08:45.703,22.12,87.778,124.874,26.28
1721761725723,2024-07-23T14:08:45.723,22.14,77.523,124.874,32.424
1721761725743,2024-07-23T14:08:45.743,22.16,69.173,123.7,36.414
1721761725763,2024-07-23T14:08:45.763,22.18,66.204,111.738,37.302
1721761725783,2024-07-23T14:08:45.783,22.2,62.348,94.169,37.687
1721761725803,2024-07-23T14:08:45.803,22.22,60.678,87.595,36.421
1721761725823,2024-07-23T14:08:45.823,22.24,62.71,95.072,35.072
1721761725843,2024-07-23T14:08:45.843,22.26,64.356,108.769,35.903
1721761725863,2024-07-23T14:08:45.863,22.28,65.179,120.183,39.604
1721761725883,2024-07-23T14:08:45.883,22.3,64.931,124.874,45.271
1721761725903,2024-07-23T14:08:45.903,22.32,60.991,124.874,52.847
1721761725923,2024-07-23T14:08:45.923,22.34,50.328,124.768,65.381
1721761725943,2024-07-23T14:08:45.943,22.36,38.258,124.874,76.189
1721761725963,2024-07-23T14:08:45.963,22.38,30.263,111.189,80.808
1721761725983,2024-07-23T14:08:45.983,22.4,26.075,60.225,80.126
1721761726003,2024-07-23T14:08:46.003,22.42,33.579,43.864,81.974
1721761726023,2024-07-23T14:08:46.023,22.44,43.739,59.531,85.282
1721761726043,2024-07-23T14:08:46.043,22.46,49.276,75.373,85.194
1721761726063,2024-07-23T14:08:46.063,22.48,52.271,89.569,83.67
1721761726083,2024-07-23T14:08:46.083,22.5,54.71,105.217,81.799
1721761726103,2024-07-23T14:08:46.103,22.52,54.611,112.477,77.755
1721761726123,2024-07-23T14:08:46.123,22.54,50.655,105.545,71.315
1721761726143,2024-07-23T14:08:46.143,22.56,45.236,91.677,62.976
1721761726163,2024-07-23T14:08:46.163,22.58,40.564,74.928,52.5
1721761726183,2024-07-23T14:08:46.183,22.6,36.349,59.436,40.057
1721761726203,2024-07-23T14:08:46.203,22.62,34.375,51.063,27.214
1721761726223,2024-07-23T14:08:46.223,22.64,32.801,48.811,15.213
1721761726243,2024-07-23T14:08:46.243,22.66,32.172,52.622,5.652
1721761726263,2024-07-23T14:08:46.263,22.68,33.224,58.788,-1.025
1721761726283,2024-07-23T14:08:46.283,22.7,34.691,63.38,-5.766
1721761726303,2024-07-23T14:08:46.303,22.72,36.018,65.781,-7.976
1721761726323,2024-07-23T14:08:46.323,22.74,36.311,66.063,-7.275
1721761726343,2024-07-23T14:08:46.343,22.76,35.945,64.95,-4.947
1721761726363,2024-07-23T14:08:46.363,22.78,34.756,59.954,-2.351
1721761726383,2024-07-23T14:08:46.383,22.8,32.184,51.734,0.53
1721761726403,2024-07-23T14:08:46.403,22.82,30.149,44.013,4.851
1721761726423,2024-07-23T14:08:46.423,22.84,29.478,39.017,10.191
1721761726443,2024-07-23T14:08:46.443,22.86,30.918,38.316,16.002
1721761726463,2024-07-23T14:08:46.463,22.88,33.163,43.045,19.455
1721761726483,2024-07-23T14:08:46.483,22.9,34.95,52.161,20.259
1721761726503,2024-07-23T14:08:46.503,22.92,39.135,64.733,19.771
1721761726523,2024-07-23T14:08:46.523,22.94,44.051,73.864,16.845
1721761726543,2024-07-23T14:08:46.543,22.96,38.38,92.344,13.285
1721761726563,2024-07-23T14:08:46.563,22.98,45.61,124.874,10.526
1721761726583,2024-07-23T14:08:46.583,23.0,65.008,124.874,7.05
1721761726603,2024-07-23T14:08:46.603,23.02,63.807,124.211,5.434
1721761726623,2024-07-23T14:08:46.623,23.04,54.63,114.306,-0.133
1721761726643,2024-07-23T14:08:46.643,23.06,46.898,67.165,-7.691
1721761726663,2024-07-23T14:08:46.663,23.08,40.758,35.072,-12.729
1721761726683,2024-07-23T14:08:46.683,23.1,39.207,28.594,-13.624
1721761726703,2024-07-23T14:08:46.703,23.12,39.87,31.056,-9.31
1721761726723,2024-07-23T14:08:46.723,23.14,39.992,38.331,0.297
1721761726743,2024-07-23T14:08:46.743,23.16,39.47,48.586,12.98
1721761726763,2024-07-23T14:08:46.763,23.18,37.66,58.007,26.764
1721761726783,2024-07-23T14:08:46.783,23.2,33.655,65.168,40.335
1721761726803,2024-07-23T14:08:46.803,23.22,27.934,73.979,53.148
1721761726823,2024-07-23T14:08:46.823,23.24,19.261,79.021,65.152
1721761726843,2024-07-23T14:08:46.843,23.26,7.607,75.583,77.214
1721761726863,2024-07-23T14:08:46.863,23.28,-4.855,66.875,90.008
1721761726883,2024-07-23T14:08:46.883,23.3,-15.655,54.733,103.22
1721761726903,2024-07-23T14:08:46.903,23.32,-23.982,40.423,117.588
1721761726923,2024-07-23T14:08:46.923,23.34,-27.828,26.494,124.874
1721761726943,2024-07-23T14:08:46.943,23.36,-31.986,11.65,124.874
1721761726963,2024-07-23T14:08:46.963,23.38,-35.56,8.887,124.707
1721761726983,2024-07-23T14:08:46.983,23.4,-36.048,18.3,124.874
1721761727003,2024-07-23T14:08:47.003,23.42,-35.922,28.918,124.874
1721761727023,2024-07-23T14:08:47.023,23.44,-35.549,33.338,124.874
1721761727043,2024-07-23T14:08:47.043,23.46,-37.458,25.64,124.874
1721761727063,2024-07-23T14:08:47.063,23.48,-37.721,15.705,124.874
1721761727083,2024-07-23T14:08:47.083,23.5,-37.199,7.546,124.874
1721761727103,2024-07-23T14:08:47.103,23.52,-34.264,5.347,124.874
1721761727123,2024-07-23T14:08:47.123,23.54,-28.559,8.758,124.874
1721761727143,2024-07-23T14:08:47.143,23.56,-22.866,10.587,124.874
1721761727163,2024-07-23T14:08:47.163,23.58,-16.433,2.188,124.874
1721761727183,2024-07-23T14:08:47.183,23.6,-12.264,-27.58,124.874
1721761727203,2024-07-23T14:08:47.203,23.62,-10.636,-72.161,124.874
1721761727223,2024-07-23T14:08:47.223,23.64,-6.601,-103.83,124.874
1721761727243,2024-07-23T14:08:47.243,23.66,3.925,-103.643,124.874
1721761727263,2024-07-23T14:08:47.263,23.68,15.133,-86.162,124.874
1721761727283,2024-07-23T14:08:47.283,23.7,21.856,-67.649,124.874
1721761727303,2024-07-23T14:08:47.303,23.72,29.253,-50.777,124.874
1721761727323,2024-07-23T14:08:47.323,23.74,34.806,-39.916,124.68
1721761727343,2024-07-23T14:08:47.343,23.76,37.092,-32.092,118.114
1721761727363,2024-07-23T14:08:47.363,23.78,40.042,-15.796,105.0
1721761727383,2024-07-23T14:08:47.383,23.8,43.426,7.816,93.96
1721761727403,2024-07-23T14:08:47.403,23.82,43.96,27.309,83.769
1721761727423,2024-07-23T14:08:47.423,23.84,45.225,38.548,76.071
1721761727443,2024-07-23T14:08:47.443,23.86,44.082,38.975,68.392
1721761727463,2024-07-23T14:08:47.463,23.88,40.133,30.918,59.851
1721761727483,2024-07-23T14:08:47.483,23.9,37.248,25.347,52.637
1721761727503,2024-07-23T14:08:47.503,23.92,34.478,30.114,45.274
1721761727523,2024-07-23T14:08:47.523,23.94,32.226,55.636,40.252
1721761727543,2024-07-23T14:08:47.543,23.96,33.22,72.252,34.219
1721761727563,2024-07-23T14:08:47.563,23.98,21.494,40.892,28.075
1721761727583,2024-07-23T14:08:47.583,24.0,8.678,1.543,22.668
1721761727603,2024-07-23T14:08:47.603,24.02,4.92,-9.39,17.416
1721761727623,2024-07-23T14:08:47.623,24.04,4.836,-7.839,12.527
1721761727643,2024-07-23T14:08:47.643,24.06,5.065,-10.938,8.053
1721761727663,2024-07-23T14:08:47.663,24.08,4.714,-17.153,5.297
1721761727683,2024-07-23T14:08:47.683,24.1,7.473,-12.66,3.335
1721761727703,2024-07-23T14:08:47.703,24.12,10.877,4.021,3.426
1721761727723,2024-07-23T14:08:47.723,24.14,12.287,21.818,4.021
1721761727743,2024-07-23T14:08:47.743,24.16,7.664,15.118,6.441
1721761727763,2024-07-23T14:08:47.763,24.18,4.131,-1.383,6.57
1721761727783,2024-07-23T14:08:47.783,24.2,1.822,-13.209,2.325
1721761727803,2024-07-23T14:08:47.803,24.22,-1.566,-17.538,0.225
1721761727823,2024-07-23T14:08:47.823,24.24,-1.928,-17.805,-1.704
1721761727843,2024-07-23T14:08:47.843,24.26,0.351,-15.259,-4.257
1721761727863,2024-07-23T14:08:47.863,24.28,0.061,-10.461,-5.393
1721761727883,2024-07-23T14:08:47.883,24.3,-0.697,-4.085,-5.549
1721761727903,2024-07-23T14:08:47.903,24.32,-1.784,1.681,-4.604
1721761727923,2024-07-23T14:08:47.923,24.34,-3.323,6.38,-1.582
1721761727943,2024-07-23T14:08:47.943,24.36,-4.405,4.752,1.044
1721761727963,2024-07-23T14:08:47.963,24.38,-6.41,-3.67,2.127
1721761727983,2024-07-23T14:08:47.983,24.4,-6.764,-9.322,2.397
1721761728003,2024-07-23T14:08:48.003,24.42,-5.564,-1.936,2.809
1721761728023,2024-07-23T14:08:48.023,24.44,-3.045,10.678,3.251
1721761728043,2024-07-23T14:08:48.043,24.46,-3.171,15.732,2.763
1721761728063,2024-07-23T14:08:48.063,24.48,-4.268,16.345,2.481
1721761728083,2024-07-23T14:08:48.083,24.5,-1.479,17.34,1.303
1721761728103,2024-07-23T14:08:48.103,24.52,1.646,22.172,-1.376
1721761728123,2024-07-23T14:08:48.123,24.54,-6.662,-5.583,-1.62
1721761728143,2024-07-23T14:08:48.143,24.56,-21.932,-50.899,-1.349
1721761728163,2024-07-23T14:08:48.163,24.58,-23.811,-42.671,-2.58
1721761728183,2024-07-23T14:08:48.183,24.6,-15.915,-1.044,-3.388
1721761728203,2024-07-23T14:08:48.203,24.62,-11.338,14.71,-2.976
1721761728223,2024-07-23T14:08:48.223,24.64,-11.852,1.162,-2.073
1721761728243,2024-07-23T14:08:48.243,24.66,-9.676,-5.678,-0.819
1721761728263,2024-07-23T14:08:48.263,24.68,-4.703,3.796,-1.162
1721761728283,2024-07-23T14:08:48.283,24.7,-0.271,20.13,-1.261
1721761728303,2024-07-23T14:08:48.303,24.72,4.299,38.022,-1.41
1721761728323,2024-07-23T14:08:48.323,24.74,7.546,45.884,-1.494
1721761728343,2024-07-23T14:08:48.343,24.76,4.771,34.539,-1.608
1721761728363,2024-07-23T14:08:48.363,24.78,0.869,18.971,-0.979
1721761728383,2024-07-23T14:08:48.383,24.8,-2.698,8.624,-0.705
1721761728403,2024-07-23T14:08:48.403,24.82,-3.861,12.957,-0.244
1721761728423,2024-07-23T14:08:48.423,24.84,-8.159,3.399,1.322
1721761728443,2024-07-23T14:08:48.443,24.86,-14.402,-10.953,1.341
1721761728463,2024-07-23T14:08:48.463,24.88,-12.088,-0.03,0.03
1721761728483,2024-07-23T14:08:48.483,24.9,-6.402,15.084,-1.242
1721761728503,2024-07-23T14:08:48.503,24.92,-4.364,14.405,-1.555
1721761728523,2024-07-23T14:08:48.523,24.94,-2.348,12.359,-1.002
1721761728543,2024-07-23T14:08:48.543,24.96,-0.857,12.248,-0.812
1721761728563,2024-07-23T14:08:48.563,24.98,0.008,11.132,-0.591
1721761728583,2024-07-23T14:08:48.583,25.0,0.556,8.96,0.713
1721761728603,2024-07-23T14:08:48.603,25.02,-0.042,5.076,1.608
1721761728623,2024-07-23T14:08:48.623,25.04,-0.888,2.409,1.704
1721761728643,2024-07-23T14:08:48.643,25.06,-1.395,2.412,1.574
1721761728663,2024-07-23T14:08:48.663,25.08,-1.162,3.761,1.444
1721761728683,2024-07-23T14:08:48.683,25.1,-1.734,3.457,1.49
1721761728703,2024-07-23T14:08:48.703,25.12,-2.98,0.865,1.982
1721761728723,2024-07-23T14:08:48.723,25.14,-3.457,-0.575,2.046
1721761728743,2024-07-23T14:08:48.743,25.16,-2.664,0.339,2.024
1721761728763,2024-07-23T14:08:48.763,25.18,-1.463,0.755,1.997
1721761728783,2024-07-23T14:08:48.783,25.2,-1.021,2.203,1.49
1721761728803,2024-07-23T14:08:48.803,25.22,-1.216,2.306,1.136
1721761728823,2024-07-23T14:08:48.823,25.24,-2.13,-0.564,0.945
1721761728843,2024-07-23T14:08:48.843,25.26,-2.763,-2.092,0.221
1721761728863,2024-07-23T14:08:48.863,25.28,-2.485,-0.949,-0.393
1721761728883,2024-07-23T14:08:48.883,25.3,-1.681,1.117,-0.907
1721761728903,2024-07-23T14:08:48.903,25.32,-1.292,2.824,-0.979
1721761728923,2024-07-23T14:08:48.923,25.34,-1.227,3.403,-1.101
1721761728943,2024-07-23T14:08:48.943,25.36,-1.928,1.7,-0.922
1721761728963,2024-07-23T14:08:48.963,25.38,-2.374,0.892,-0.705
1721761728983,2024-07-23T14:08:48.983,25.4,-2.313,1.947,-0.358
1721761729003,2024-07-23T14:08:49.003,25.42,-1.105,4.303,-0.183
1721761729023,2024-07-23T14:08:49.023,25.44,-0.362,4.848,0.08
1721761729043,2024-07-23T14:08:49.043,25.46,-0.282,3.849,0.122
1721761729063,2024-07-23T14:08:49.063,25.48,-0.175,4.158,-0.156
1721761729083,2024-07-23T14:08:49.083,25.5,0.991,6.273,-0.629
1721761729103,2024-07-23T14:08:49.103,25.52,1.421,6.513,-0.8
1721761729123,2024-07-23T14:08:49.123,25.54,1.418,5.579,-1.208
1721761729143,2024-07-23T14:08:49.143,25.56,1.098,5.091,-2.027
1721761729163,2024-07-23T14:08:49.163,25.58,1.353,6.517,-2.431
1721761729183,2024-07-23T14:08:49.183,25.6,2.046,7.862,-2.309
1721761729203,2024-07-23T14:08:49.203,25.62,2.786,9.668,-2.591
1721761729223,2024-07-23T14:08:49.223,25.64,3.716,13.346,-2.477
1721761729243,2024-07-23T14:08:49.243,25.66,4.165,15.537,-1.852
1721761729263,2024-07-23T14:08:49.263,25.68,3.312,11.014,-1.448
1721761729283,2024-07-23T14:08:49.283,25.7,3.67,10.202,-1.726
1721761729303,2024-07-23T14:08:49.303,25.72,5.229,20.133,-2.195
1721761729323,2024-07-23T14:08:49.323,25.74,6.414,29.848,-2.607
1721761729343,2024-07-23T14:08:49.343,25.76,6.174,29.691,-3.014
1721761729363,2024-07-23T14:08:49.363,25.78,5.488,24.97,-2.538
1721761729383,2024-07-23T14:08:49.383,25.8,6.681,24.39,-4.036
1721761729403,2024-07-23T14:08:49.403,25.82,5.938,19.84,-4.405
1721761729423,2024-07-23T14:08:49.423,25.84,0.537,6.768,-1.852
1721761729443,2024-07-23T14:08:49.443,25.86,-2.938,3.438,-0.816
1721761729463,2024-07-23T14:08:49.463,25.88,-7.161,-6.429,0.24
1721761729483,2024-07-23T14:08:49.483,25.9,-12.622,-19.143,1.067
1721761729503,2024-07-23T14:08:49.503,25.92,-10.019,-12.656,-0.907
1721761729523,2024-07-23T14:08:49.523,25.94,-9.573,-8.769,-2.02
1721761729543,2024-07-23T14:08:49.543,25.96,-7.881,-5.625,-1.963
1721761729563,2024-07-23T14:08:49.563,25.98,-5.335,-3.148,-1.7
1721761729583,2024-07-23T14:08:49.583,26.0,-3.422,-4.093,-0.621
1721761729603,2024-07-23T14:08:49.603,26.02,-1.936,-5.358,0.755
1721761729623,2024-07-23T14:08:49.623,26.04,-0.709,-6.113,2.165
1721761729643,2024-07-23T14:08:49.643,26.06,0.232,-5.968,2.992
1721761729663,2024-07-23T14:08:49.663,26.08,0.324,-4.733,3.159
1721761729683,2024-07-23T14:08:49.683,26.1,-0.145,-4.665,3.468
1721761729703,2024-07-23T14:08:49.703,26.12,-0.953,-4.512,3.121
1721761729723,2024-07-23T14:08:49.723,26.14,-1.688,-3.902,2.614
1721761729743,2024-07-23T14:08:49.743,26.16,-2.492,-4.787,2.691
1721761729763,2024-07-23T14:08:49.763,26.18,-2.21,-5.998,2.702
1721761729783,2024-07-23T14:08:49.783,26.2,-2.53,-7.039,2.912
1721761729803,2024-07-23T14:08:49.803,26.22,-2.557,-7.172,2.458
1721761729823,2024-07-23T14:08:49.823,26.24,-2.588,-8.239,2.001
1721761729843,2024-07-23T14:08:49.843,26.26,-1.776,-5.415,1.38
1721761729863,2024-07-23T14:08:49.863,26.28,-0.454,-0.187,0.56
1721761729883,2024-07-23T14:08:49.883,26.3,-0.236,0.869,0.537
1721761729903,2024-07-23T14:08:49.903,26.32,-1.223,-3.007,0.888
1721761729923,2024-07-23T14:08:49.923,26.34,-0.831,-2.389,0.187
1721761729943,2024-07-23T14:08:49.943,26.36,0.404,1.639,-0.766
1721761729963,2024-07-23T14:08:49.963,26.38,0.995,2.984,-0.835
1721761729983,2024-07-23T14:08:49.983,26.4,0.724,0.736,-0.945
1721761730003,2024-07-23T14:08:50.003,26.42,0.229,-0.911,-0.64
1721761730023,2024-07-23T14:08:50.023,26.44,-0.267,-3.049,-0.293
1721761730043,2024-07-23T14:08:50.043,26.46,0.217,-2.725,-0.511
1721761730063,2024-07-23T14:08:50.063,26.48,0.96,0.358,-0.164
1721761730083,2024-07-23T14:08:50.083,26.5,0.819,0.976,0.156
1721761730103,2024-07-23T14:08:50.103,26.52,-0.232,-2.271,0.389
1721761730123,2024-07-23T14:08:50.123,26.54,-0.469,-2.37,0.415
1721761730143,2024-07-23T14:08:50.143,26.56,0.232,0.366,0.191
1721761730163,2024-07-23T14:08:50.163,26.58,1.216,2.877,-0.046
1721761730183,2024-07-23T14:08:50.183,26.6,1.01,2.614,-0.274
1721761730203,2024-07-23T14:08:50.203,26.62,0.244,-0.107,0.206
1721761730223,2024-07-23T14:08:50.223,26.64,0.072,-1.117,-0.084
1721761730243,2024-07-23T14:08:50.243,26.66,0.217,0.103,-0.278
1721761730263,2024-07-23T14:08:50.263,26.68,-0.141,-0.671,-0.057
1721761730283,2024-07-23T14:08:50.283,26.7,0.114,-0.434,-0.29
1721761730303,2024-07-23T14:08:50.303,26.72,3.7,6.063,-1.429
1721761730323,2024-07-23T14:08:50.323,26.74,7.489,24.127,-2.035
1721761730343,2024-07-23T14:08:50.343,26.76,11.037,52.763,-2.778
1721761730363,2024-07-23T14:08:50.363,26.78,12.904,47.74,-3.011
1721761730383,2024-07-23T14:08:50.383,26.8,0.671,3.579,-0.053
1721761730403,2024-07-23T14:08:50.403,26.82,-1.723,-0.686,2.588
1721761730423,2024-07-23T14:08:50.423,26.84,-3.266,-5.004,2.481
1721761730443,2024-07-23T14:08:50.443,26.86,-13.514,-35.739,3.739
1721761730463,2024-07-23T14:08:50.463,26.88,-14.421,-39.676,0.644
1721761730483,2024-07-23T14:08:50.483,26.9,-12.359,-23.636,-2.012
1721761730503,2024-07-23T14:08:50.503,26.92,-8.575,-6.662,-3.312
1721761730523,2024-07-23T14:08:50.523,26.94,-7.79,-3.971,-4.143
1721761730543,2024-07-23T14:08:50.543,26.96,-6.917,-5.697,-4.874
1721761730563,2024-07-23T14:08:50.563,26.98,-5.114,-5.309,-6.307
1721761730583,2024-07-23T14:08:50.583,27.0,-2.111,-0.252,-6.986
1721761730603,2024-07-23T14:08:50.603,27.02,0.072,4.47,-6.593
1721761730623,2024-07-23T14:08:50.623,27.04,0.93,4.989,-5.892
1721761730643,2024-07-23T14:08:50.643,27.06,0.938,3.498,-5.598
1721761730663,2024-07-23T14:08:50.663,27.08,0.617,1.974,-4.486
1721761730683,2024-07-23T14:08:50.683,27.1,0.255,1.406,-3.498
1721761730703,2024-07-23T14:08:50.703,27.12,0.114,1.856,-3.106
1721761730723,2024-07-23T14:08:50.723,27.14,-0.232,0.88,-2.702
1721761730743,2024-07-23T14:08:50.743,27.16,-0.842,-1.338,-2.782
1721761730763,2024-07-23T14:08:50.763,27.18,-0.072,-0.957,-3.144
1721761730783,2024-07-23T14:08:50.783,27.2,1.361,0.804,-3.518
1721761730803,2024-07-23T14:08:50.803,27.22,2.325,0.617,-3.426
1721761730823,2024-07-23T14:08:50.823,27.24,2.809,-1.734,-3.365
1721761730843,2024-07-23T14:08:50.843,27.26,2.927,-4.264,-3.876
1721761730863,2024-07-23T14:08:50.863,27.28,4.028,-3.251,-3.963
1721761730883,2024-07-23T14:08:50.883,27.3,4.539,-1.277,-3.723
1721761730903,2024-07-23T14:08:50.903,27.32,4.341,-1.822,-2.771
1721761730923,2024-07-23T14:08:50.923,27.34,3.247,-5.076,-2.428
1721761730943,2024-07-23T14:08:50.943,27.36,2.085,-6.604,-2.725
1721761730963,2024-07-23T14:08:50.963,27.38,1.62,-5.884,-3.457
1721761730983,2024-07-23T14:08:50.983,27.4,-0.335,-6.7,-5.385
1721761731003,2024-07-23T14:08:51.003,27.42,-1.063,-4.466,-6.448
1721761731023,2024-07-23T14:08:51.023,27.44,-2.736,-6.928,-5.972
1721761731043,2024-07-23T14:08:51.043,27.46,-1.315,-4.863,-6.322
1721761731063,2024-07-23T14:08:51.063,27.48,1.993,-2.98,-6.715
1721761731083,2024-07-23T14:08:51.083,27.5,3.617,-6.364,-5.389
1721761731103,2024-07-23T14:08:51.103,27.52,8.121,-3.422,-4.939
1721761731123,2024-07-23T14:08:51.123,27.54,9.562,-3.007,-5.324
1721761731143,2024-07-23T14:08:51.143,27.56,8.613,-3.872,-6.044
1721761731163,2024-07-23T14:08:51.163,27.58,8.3,-3.007,-7.973
1721761731183,2024-07-23T14:08:51.183,27.6,6.513,-4.101,-10.617
1721761731203,2024-07-23T14:08:51.203,27.62,4.752,-5.377,-13.449
1721761731223,2024-07-23T14:08:51.223,27.64,4.112,-5.313,-16.776
1721761731243,2024-07-23T14:08:51.243,27.66,4.474,-4.463,-20.339
1721761731263,2024-07-23T14:08:51.263,27.68,3.06,-5.423,-23.697
1721761731283,2024-07-23T14:08:51.283,27.7,2.226,-4.615,-27.992
1721761731303,2024-07-23T14:08:51.303,27.72,3.716,-2.119,-34.943
1721761731323,2024-07-23T14:08:51.323,27.74,3.308,-12.256,-44.653
1721761731343,2024-07-23T14:08:51.343,27.76,7.317,-25.701,-59.699
1721761731363,2024-07-23T14:08:51.363,27.78,17.588,-30.671,-80.968
1721761731383,2024-07-23T14:08:51.383,27.8,26.269,1.616,-109.463
1721761731403,2024-07-23T14:08:51.403,27.82,42.969,61.635,-124.874
1721761731423,2024-07-23T14:08:51.423,27.84,58.979,88.742,-124.874
1721761731443,2024-07-23T14:08:51.443,27.86,67.908,79.009,-124.52
1721761731463,2024-07-23T14:08:51.463,27.88,74.417,59.219,-124.874
1721761731483,2024-07-23T14:08:51.483,27.9,80.629,46.673,-124.874
1721761731503,2024-07-23T14:08:51.503,27.92,85.492,36.73,-124.87
1721761731523,2024-07-23T14:08:51.523,27.94,86.09,25.164,-124.874
1721761731543,2024-07-23T14:08:51.543,27.96,89.546,10.907,-124.874
1721761731563,2024-07-23T14:08:51.563,27.98,88.868,-16.909,-124.874
1721761731583,2024-07-23T14:08:51.583,28.0,81.749,-62.847,-124.874
1721761731603,2024-07-23T14:08:51.603,28.02,70.145,-119.87,-124.874
1721761731623,2024-07-23T14:08:51.623,28.04,45.968,-124.874,-124.874
1721761731643,2024-07-23T14:08:51.643,28.06,19.005,-124.162,-124.874
1721761731663,2024-07-23T14:08:51.663,28.08,-3.636,-124.653,-124.874
1721761731683,2024-07-23T14:08:51.683,28.1,-22.336,-124.874,-124.874
1721761731703,2024-07-23T14:08:51.703,28.12,-27.226,-124.87,-124.874
1721761731723,2024-07-23T14:08:51.723,28.14,-18.941,-109.55,-124.874
1721761731743,2024-07-23T14:08:51.743,28.16,-4.546,-70.335,-124.874
1721761731763,2024-07-23T14:08:51.763,28.18,9.84,-50.293,-123.098
1721761731783,2024-07-23T14:08:51.783,28.2,22.965,-43.807,-101.658
1721761731803,2024-07-23T14:08:51.803,28.22,33.46,-43.963,-74.714
1721761731823,2024-07-23T14:08:51.823,28.24,40.415,-42.515,-58.396
1721761731843,2024-07-23T14:08:51.843,28.26,46.749,-28.102,-46.875
1721761731863,2024-07-23T14:08:51.863,28.28,50.316,-7.47,-37.008
1721761731883,2024-07-23T14:08:51.883,28.3,50.854,11.132,-27.443
1721761731903,2024-07-23T14:08:51.903,28.32,49.291,24.405,-17.142
1721761731923,2024-07-23T14:08:51.923,28.34,44.398,34.017,-6.475
1721761731943,2024-07-23T14:08:51.943,28.36,36.261,40.461,3.952
1721761731963,2024-07-23T14:08:51.963,28.38,23.457,36.726,15.255
1721761731983,2024-07-23T14:08:51.983,28.4,6.136,23.277,28.891
1721761732003,2024-07-23T14:08:52.003,28.42,-9.181,22.584,45.362
1721761732023,2024-07-23T14:08:52.023,28.44,-17.424,37.191,63.22
1721761732043,2024-07-23T14:08:52.043,28.46,-25.568,39.729,82.344
1721761732063,2024-07-23T14:08:52.063,28.48,-33.853,25.293,99.935
1721761732083,2024-07-23T14:08:52.083,28.5,-39.84,0.697,111.216
1721761732103,2024-07-23T14:08:52.103,28.52,-46.094,-27.119,115.572
1721761732123,2024-07-23T14:08:52.123,28.54,-46.654,-33.19,119.649
1721761732143,2024-07-23T14:08:52.143,28.56,-15.499,5.922,124.874
1721761732163,2024-07-23T14:08:52.163,28.58,28.06,45.911,124.874
1721761732183,2024-07-23T14:08:52.183,28.6,47.626,61.437,124.764
1721761732203,2024-07-23T14:08:52.203,28.62,52.809,79.116,124.874
1721761732223,2024-07-23T14:08:52.223,28.64,63.007,87.511,124.874
1721761732243,2024-07-23T14:08:52.243,28.66,75.122,59.089,124.874
1721761732263,2024-07-23T14:08:52.263,28.68,75.884,32.351,124.874
1721761732283,2024-07-23T14:08:52.283,28.7,76.776,31.681,124.874
1721761732303,2024-07-23T14:08:52.303,28.72,74.661,17.908,124.874
1721761732323,2024-07-23T14:08:52.323,28.74,77.561,18.727,124.874
1721761732343,2024-07-23T14:08:52.343,28.76,71.78,31.913,124.874
1721761732363,2024-07-23T14:08:52.363,28.78,57.195,90.29,122.763
1721761732383,2024-07-23T14:08:52.383,28.8,60.484,124.874,112.782
1721761732403,2024-07-23T14:08:52.403,28.82,49.306,124.874,113.582
1721761732423,2024-07-23T14:08:52.423,28.84,24.665,123.982,85.381
1721761732443,2024-07-23T14:08:52.443,28.86,-8.975,100.088,41.932
1721761732463,2024-07-23T14:08:52.463,28.88,-17.424,-51.494,24.627
1721761732483,2024-07-23T14:08:52.483,28.9,-16.898,-124.874,-12.458
1721761732503,2024-07-23T14:08:52.503,28.92,-14.028,-124.874,-32.55
1721761732523,2024-07-23T14:08:52.523,28.94,-7.085,-123.365,-44.463
1721761732543,2024-07-23T14:08:52.543,28.96,-5.194,-124.874,-54.909
1721761732563,2024-07-23T14:08:52.563,28.98,3.479,-124.874,-46.73
1721761732583,2024-07-23T14:08:52.583,29.0,14.436,-111.559,-26.303
1721761732603,2024-07-23T14:08:52.603,29.02,29.943,-32.256,3.43
1721761732623,2024-07-23T14:08:52.623,29.04,44.082,44.245,20.05
1721761732643,2024-07-23T14:08:52.643,29.06,67.149,42.165,23.834
1721761732663,2024-07-23T14:08:52.663,29.08,-18.883,51.563,49.87
1721761732683,2024-07-23T14:08:52.683,29.1,38.51,124.874,66.604
1721761732703,2024-07-23T14:08:52.703,29.12,13.148,124.874,49.752
1721761732723,2024-07-23T14:08:52.723,29.14,-19.939,123.197,57.809
1721761732743,2024-07-23T14:08:52.743,29.16,-5.099,124.874,74.466
1721761732763,2024-07-23T14:08:52.763,29.18,-4.036,105.541,76.174
1721761732783,2024-07-23T14:08:52.783,29.2,-9.474,65.164,84.329
1721761732803,2024-07-23T14:08:52.803,29.22,-8.293,49.566,76.578
1721761732823,2024-07-23T14:08:52.823,29.24,-18.678,-23.906,64.402
1721761732843,2024-07-23T14:08:52.843,29.26,-34.718,-124.874,38.681
1721761732863,2024-07-23T14:08:52.863,29.28,-35.499,-124.874,14.901
1721761732883,2024-07-23T14:08:52.883,29.3,-21.913,-59.543,-33.266
1721761732903,2024-07-23T14:08:52.903,29.32,-43.106,-108.182,-85.434
1721761732923,2024-07-23T14:08:52.923,29.34,-93.819,-124.874,-88.662
1721761732943,2024-07-23T14:08:52.943,29.36,-95.366,-124.337,-99.905
1721761732963,2024-07-23T14:08:52.963,29.38,-70.442,-121.49,-82.832
1721761732983,2024-07-23T14:08:52.983,29.4,-8.639,25.648,-56.563
1721761733003,2024-07-23T14:08:53.003,29.42,68.075,124.874,-55.301
1721761733023,2024-07-23T14:08:53.023,29.44,103.457,124.874,-26.845
1721761733043,2024-07-23T14:08:53.043,29.46,101.799,122.37,-0.602
1721761733063,2024-07-23T14:08:53.063,29.48,113.487,124.874,37.706
1721761733083,2024-07-23T14:08:53.083,29.5,124.543,124.874,52.176
1721761733103,2024-07-23T14:08:53.103,29.52,108.491,124.821,56.814
1721761733123,2024-07-23T14:08:53.123,29.54,80.236,124.874,63.514
1721761733143,2024-07-23T14:08:53.143,29.56,57.87,124.874,50.583
1721761733163,2024-07-23T14:08:53.163,29.58,44.238,124.874,49.543
1721761733183,2024-07-23T14:08:53.183,29.6,44.817,124.874,45.248
1721761733203,2024-07-23T14:08:53.203,29.62,37.088,122.085,40.072
1721761733223,2024-07-23T14:08:53.223,29.64,37.687,92.885,38.96
1721761733243,2024-07-23T14:08:53.243,29.66,48.727,85.492,43.411
1721761733263,2024-07-23T14:08:53.263,29.68,57.066,95.553,41.326
1721761733283,2024-07-23T14:08:53.283,29.7,58.697,101.338,40.896
1721761733303,2024-07-23T14:08:53.303,29.72,66.082,124.398,48.521
1721761733323,2024-07-23T14:08:53.323,29.74,74.303,124.455,49.489
1721761733343,2024-07-23T14:08:53.343,29.76,76.551,101.993,43.159
1721761733363,2024-07-23T14:08:53.363,29.78,81.688,90.187,41.635
1721761733383,2024-07-23T14:08:53.383,29.8,94.607,88.277,49.44
1721761733403,2024-07-23T14:08:53.403,29.82,112.13,75.293,56.265
1721761733423,2024-07-23T14:08:53.423,29.84,110.183,61.444,59.253
1721761733443,2024-07-23T14:08:53.443,29.86,98.727,76.28,50.408
1721761733463,2024-07-23T14:08:53.463,29.88,67.847,23.468,44.733
1721761733483,2024-07-23T14:08:53.483,29.9,52.077,-4.87,40.964
1721761733503,2024-07-23T14:08:53.503,29.92,60.85,25.252,41.989
1721761733523,2024-07-23T14:08:53.523,29.94,73.594,38.125,38.933
1721761733543,2024-07-23T14:08:53.543,29.96,75.282,0.358,30.976
1721761733563,2024-07-23T14:08:53.563,29.98,54.615,-43.948,9.211
1721761733583,2024-07-23T14:08:53.583,30.0,13.22,-88.415,-10.537
1721761733603,2024-07-23T14:08:53.603,30.02,5.175,-46.38,-19.794
1721761733623,2024-07-23T14:08:53.623,30.04,-12.942,-36.414,-21.627
1721761733643,2024-07-23T14:08:53.643,30.06,-22.393,-41.86,-23.902
1721761733663,2024-07-23T14:08:53.663,30.08,-29.84,-61.761,-16.879
1721761733683,2024-07-23T14:08:53.683,30.1,-38.613,-83.014,-12.824
1721761733703,2024-07-23T14:08:53.703,30.12,-45.065,-87.279,-11.894
1721761733723,2024-07-23T14:08:53.723,30.14,-48.773,-77.012,-12.729
1721761733743,2024-07-23T14:08:53.743,30.16,-63.262,-61.421,-11.825
1721761733763,2024-07-23T14:08:53.763,30.18,-69.668,-23.925,-9.184
1721761733783,2024-07-23T14:08:53.783,30.2,-69.775,-7.622,-10.602
1721761733803,2024-07-23T14:08:53.803,30.22,-63.041,-13.575,-16.22
1721761733823,2024-07-23T14:08:53.823,30.24,-64.672,-18.068,-14.992
1721761733843,2024-07-23T14:08:53.843,30.26,-54.97,20.457,-13.636
1721761733863,2024-07-23T14:08:53.863,30.28,-64.089,0.16,-18.75
1721761733883,2024-07-23T14:08:53.883,30.3,-88.289,-31.982,-23.868
1721761733903,2024-07-23T14:08:53.903,30.32,-81.524,-4.764,-32.313
1721761733923,2024-07-23T14:08:53.923,30.34,-92.58,-34.794,-33.552
1721761733943,2024-07-23T14:08:53.943,30.36,-103.883,-53.982,-35.278
1721761733963,2024-07-23T14:08:53.963,30.38,-108.891,-67.016,-39.139
1721761733983,2024-07-23T14:08:53.983,30.4,-123.438,-106.494,-36.216
1721761734003,2024-07-23T14:08:54.003,30.42,-124.874,-85.473,-30.61
1721761734023,2024-07-23T14:08:54.023,30.44,-116.113,-18.312,-28.792
1721761734043,2024-07-23T14:08:54.043,30.46,-116.269,-10.484,-27.782
1721761734063,2024-07-23T14:08:54.063,30.48,-119.981,-15.793,-26.764
1721761734083,2024-07-23T14:08:54.083,30.5,-113.003,-2.752,-23.289
1721761734103,2024-07-23T14:08:54.103,30.52,-108.998,3.205,-20.869
1721761734123,2024-07-23T14:08:54.123,30.54,-102.092,10.446,-18.319
1721761734143,2024-07-23T14:08:54.143,30.56,-94.535,20.126,-12.702
1721761734163,2024-07-23T14:08:54.163,30.58,-81.761,48.651,-7.668
1721761734183,2024-07-23T14:08:54.183,30.6,-62.47,70.777,-2.279
1721761734203,2024-07-23T14:08:54.203,30.62,-53.506,50.991,-2.767
1721761734223,2024-07-23T14:08:54.223,30.64,-43.213,31.117,-3.403
1721761734243,2024-07-23T14:08:54.243,30.66,-34.421,13.895,-1.284
1721761734263,2024-07-23T14:08:54.263,30.68,-26.456,5.503,5.149
1721761734283,2024-07-23T14:08:54.283,30.7,-18.925,-0.877,12.725
1721761734303,2024-07-23T14:08:54.303,30.72,-14.364,-9.055,18.826
1721761734323,2024-07-23T14:08:54.323,30.74,-12.088,-15.667,25.065
1721761734343,2024-07-23T14:08:54.343,30.76,-22.828,-24.101,32.87
1721761734363,2024-07-23T14:08:54.363,30.78,-26.608,-7.138,29.379
1721761734383,2024-07-23T14:08:54.383,30.8,-33.167,-21.38,32.691
1721761734403,2024-07-23T14:08:54.403,30.82,-38.941,-48.704,30.305
1721761734423,2024-07-23T14:08:54.423,30.84,-35.24,-46.456,28.845
1721761734443,2024-07-23T14:08:54.443,30.86,-32.447,-51.071,28.19
1721761734463,2024-07-23T14:08:54.463,30.88,-32.774,-75.046,22.123
1721761734483,2024-07-23T14:08:54.483,30.9,-33.769,-82.207,10.568
1721761734503,2024-07-23T14:08:54.503,30.92,-39.794,-61.425,-2.405
1721761734523,2024-07-23T14:08:54.523,30.94,-51.082,-55.976,-9.722
1721761734543,2024-07-23T14:08:54.543,30.96,-66.635,-77.942,-12.957
1721761734563,2024-07-23T14:08:54.563,30.98,-80.861,-104.264,-10.61
1721761734583,2024-07-23T14:08:54.583,31.0,-79.143,-82.248,-16.383
1721761734603,2024-07-23T14:08:54.603,31.02,-72.275,-49.779,-17.13
1721761734623,2024-07-23T14:08:54.623,31.04,-71.963,-52.664,-14.421
1721761734643,2024-07-23T14:08:54.643,31.06,-71.193,-68.171,-13.144
1721761734663,2024-07-23T14:08:54.663,31.08,-67.435,-70.141,-9.531
1721761734683,2024-07-23T14:08:54.683,31.1,-60.381,-52.439,-6.124
